chr1,118628128,118629090	chr1,59096217,59096754	9.82
chr1,118628128,118629090	chr1,67085396,67086398	36.37
chr1,118628128,118629090	chr1,91561762,91562238	6.37
chr1,118628128,118629090	chr1,103766130,103766289	11.36
chr1,118628128,118629090	chr1,105250573,105251425	115.27
chr1,118628128,118629090	chr1,110538295,110538547	24.68
chr1,118628128,118629090	chr1,112896798,112896967	19.37
chr1,118628128,118629090	chr1,114415150,114417178	6.35
chr1,118628128,118629090	chr1,118231845,118232536	5.48
chr1,118628128,118629090	chr1,118608047,118609673	5.25
chr1,118628128,118629090	chr1,118689507,118690595	5.19
chr1,118628128,118629090	chr1,119077700,119078446	5.12
chr1,118628128,118629090	chr1,121773521,121774046	8.83
chr1,118628128,118629090	chr1,122210974,122211553	9.22
chr1,118628128,118629090	chr1,124712689,124712994	5.65
chr1,118628128,118629090	chr1,124917726,124918093	5.57
chr1,118628128,118629090	chr1,134038000,134038119	7.31
chr1,118628128,118629090	chr1,138137004,138138036	19.23
chr1,118628128,118629090	chr1,145544134,145544371	36.86
chr1,118628128,118629090	chr1,146302879,146303347	51.28
chr1,118628128,118629090	chr1,155185391,155186430	10.05
chr1,118628128,118629090	chr1,159425637,159426982	9.98
chr1,118628128,118629090	chr1,160017634,160017984	18.36
chr1,118628128,118629090	chr1,161448985,161450502	18.34
chr1,118628128,118629090	chr1,169583037,169583492	14
chr1,118628128,118629090	chr1,169973805,169974363	5.89
chr1,118628128,118629090	chr1,181013437,181013912	9.81
chr1,118628128,118629090	chr1,194117644,194117947	130.21
chr1,118628128,118629090	chr12,102383261,102384568	5.73
chr1,118628128,118629090	chr12,106140561,106141046	26.96
chr1,118628128,118629090	chr13,96768244,96769309	31.54
chr1,118628128,118629090	chr17,84399487,84399741	36.21
chr1,118628128,118629090	chr18,83932378,83932547	5.73
chr1,118628128,118629090	chr3,65270939,65271299	13.84
chr1,118628128,118629090	chr6,104402500,104402847	13.84
chr1,118628128,118629090	chr8,15424101,15424205	13.84
chr1,118628128,118629090	chr8,128538495,128538649	9.71
chr11,100938874,100939386	chr10,68444370,68445217	5.73
chr11,100938874,100939386	chr11,61266957,61268015	46.06
chr11,100938874,100939386	chr11,70692331,70692679	36.72
chr11,100938874,100939386	chr11,76182217,76184464	71.57
chr11,100938874,100939386	chr11,76674761,76676077	36.98
chr11,100938874,100939386	chr11,78914275,78914456	170.9
chr11,100938874,100939386	chr11,86416115,86416952	120.44
chr11,100938874,100939386	chr11,87082646,87083002	19.8
chr11,100938874,100939386	chr11,90668130,90668451	19.86
chr11,100938874,100939386	chr11,95581231,95582216	17.31
chr11,100938874,100939386	chr11,97246957,97247551	9.02
chr11,100938874,100939386	chr11,98110559,98110769	16.93
chr11,100938874,100939386	chr11,98119305,98119860	5.1
chr11,100938874,100939386	chr11,98834699,98835072	5.59
chr11,100938874,100939386	chr11,99526823,99527888	7.51
chr11,100938874,100939386	chr11,99665219,99666706	11.76
chr11,100938874,100939386	chr11,100101747,100101924	5.27
chr11,100938874,100939386	chr11,100475763,100475891	5.01
chr11,100938874,100939386	chr11,100490770,100490966	6.06
chr11,100938874,100939386	chr11,100682374,100682866	5.34
chr11,100938874,100939386	chr11,100868104,100868586	5.28
chr11,100938874,100939386	chr11,100885277,100885873	5.27
chr11,100938874,100939386	chr11,101027857,101028812	6.01
chr11,100938874,100939386	chr11,101044796,101045040	5.02
chr11,100938874,100939386	chr11,101122875,101123015	5.53
chr11,100938874,100939386	chr11,101180618,101181057	6.08
chr11,100938874,100939386	chr11,101204893,101205896	7.45
chr11,100938874,100939386	chr11,101570502,101571558	5.23
chr11,100938874,100939386	chr11,113808671,113808813	142.84
chr11,100938874,100939386	chr11,115641951,115642302	165.55
chr11,100938874,100939386	chr11,121595701,121595859	27.98
chr11,100938874,100939386	chr12,78230130,78230376	18.1
chr11,100938874,100939386	chr12,87395719,87396329	13.84
chr11,100938874,100939386	chr13,33998931,33999643	5.73
chr11,100938874,100939386	chr14,106045063,106046150	70.84
chr11,100938874,100939386	chr15,89167210,89168240	18.1
chr11,100938874,100939386	chr16,19741576,19741855	5.73
chr11,100938874,100939386	chr16,50891067,50891500	36.21
chr11,100938874,100939386	chr18,24504689,24505291	31.54
chr11,100938874,100939386	chr2,30405736,30406587	55.62
chr11,100938874,100939386	chr2,57873808,57874137	9.71
chr11,100938874,100939386	chr3,87690940,87691211	13.84
chr11,100938874,100939386	chr3,95199352,95200637	9.71
chr11,100938874,100939386	chr3,102567954,102568594	40.96
chr11,100938874,100939386	chr4,34869153,34869849	22.48
chr11,100938874,100939386	chr4,107171143,107172445	91.83
chr11,100938874,100939386	chr4,133167181,133167807	5.73
chr11,100938874,100939386	chr5,103310993,103313632	193.52
chr11,100938874,100939386	chr6,58498316,58498547	13.84
chr11,100938874,100939386	chr7,129529483,129529923	5.73
chr11,100938874,100939386	chr8,80515409,80515542	22.48
chr11,100938874,100939386	chr8,119839262,119839897	45.78
chr11,100938874,100939386	chr9,59390909,59391374	18.1
chr12,86419274,86422913	chr1,89294265,89294662	55.62
chr12,86419274,86422913	chr1,133412673,133413080	18.1
chr12,86419274,86422913	chr1,186768508,186768735	50.67
chr12,86419274,86422913	chr10,66902922,66904431	26.96
chr12,86419274,86422913	chr11,42292633,42292987	70.84
chr12,86419274,86422913	chr11,52601584,52603523	5.73
chr12,86419274,86422913	chr11,59136621,59137196	315.86
chr12,86419274,86422913	chr11,66507333,66508314	5.73
chr12,86419274,86422913	chr11,70644764,70645086	211.35
chr12,86419274,86422913	chr11,108752598,108753679	9.71
chr12,86419274,86422913	chr12,4158994,4159297	5.78
chr12,86419274,86422913	chr12,5835981,5836299	9.76
chr12,86419274,86422913	chr12,10213963,10214262	45.83
chr12,86419274,86422913	chr12,14918600,14919018	9.78
chr12,86419274,86422913	chr12,24680704,24680875	5.83
chr12,86419274,86422913	chr12,26237349,26237498	18.2
chr12,86419274,86422913	chr12,28373946,28374603	9.82
chr12,86419274,86422913	chr12,32050290,32051390	13.97
chr12,86419274,86422913	chr12,40827691,40828140	147.25
chr12,86419274,86422913	chr12,44552025,44552488	31.79
chr12,86419274,86422913	chr12,45356458,45358425	50.91
chr12,86419274,86422913	chr12,46820778,46821291	6.02
chr12,86419274,86422913	chr12,52211695,52212772	22.86
chr12,86419274,86422913	chr12,54315851,54316346	36.64
chr12,86419274,86422913	chr12,56536473,56536710	14.35
chr12,86419274,86422913	chr12,57355693,57355822	27.5
chr12,86419274,86422913	chr12,62217420,62218550	71.49
chr12,86419274,86422913	chr12,64713370,64713696	46.62
chr12,86419274,86422913	chr12,67731579,67732664	6.9
chr12,86419274,86422913	chr12,69419941,69420454	25.87
chr12,86419274,86422913	chr12,69644904,69645040	7.07
chr12,86419274,86422913	chr12,70547293,70548009	14.89
chr12,86419274,86422913	chr12,70655928,70656790	14.88
chr12,86419274,86422913	chr12,70685898,70686301	7.18
chr12,86419274,86422913	chr12,73549151,73549707	19.99
chr12,86419274,86422913	chr12,74768011,74768475	7.54
chr12,86419274,86422913	chr12,75766162,75766305	18.04
chr12,86419274,86422913	chr12,77585230,77587547	65.38
chr12,86419274,86422913	chr12,79785030,79785535	8.22
chr12,86419274,86422913	chr12,80526622,80526923	12.05
chr12,86419274,86422913	chr12,80615255,80615454	9
chr12,86419274,86422913	chr12,81313395,81313952	14.53
chr12,86419274,86422913	chr12,82586540,82586728	7.55
chr12,86419274,86422913	chr12,82711162,82711467	12.69
chr12,86419274,86422913	chr12,83135866,83136081	6.69
chr12,86419274,86422913	chr12,83242520,83243222	9.52
chr12,86419274,86422913	chr12,85919529,85920489	5.45
chr12,86419274,86422913	chr12,86070287,86070653	5.7
chr12,86419274,86422913	chr12,86088574,86089024	5.14
chr12,86419274,86422913	chr12,86142679,86143467	5.61
chr12,86419274,86422913	chr12,86152287,86153610	5.46
chr12,86419274,86422913	chr12,86173860,86174072	5
chr12,86419274,86422913	chr12,86339411,86339586	5.22
chr12,86419274,86422913	chr12,86449583,86449892	5.35
chr12,86419274,86422913	chr12,86493131,86493524	6.6
chr12,86419274,86422913	chr12,86539143,86539311	6.1
chr12,86419274,86422913	chr12,86554604,86554812	5.31
chr12,86419274,86422913	chr12,86728520,86728898	7.75
chr12,86419274,86422913	chr12,89041754,89041874	6.27
chr12,86419274,86422913	chr12,90497210,90497466	5.85
chr12,86419274,86422913	chr12,91018527,91018707	11.01
chr12,86419274,86422913	chr12,91138851,91140175	10.09
chr12,86419274,86422913	chr12,91430075,91430648	21.51
chr12,86419274,86422913	chr12,94861821,94861980	11.6
chr12,86419274,86422913	chr12,96441052,96441371	12.81
chr12,86419274,86422913	chr12,98243152,98244035	19.12
chr12,86419274,86422913	chr12,98694619,98695602	16.86
chr12,86419274,86422913	chr12,102986000,102986577	22.24
chr12,86419274,86422913	chr12,103018337,103018508	152.86
chr12,86419274,86422913	chr12,103132481,103132922	22.3
chr12,86419274,86422913	chr12,104146163,104146532	108.67
chr12,86419274,86422913	chr12,104277493,104278776	351.32
chr12,86419274,86422913	chr12,104779674,104780198	56.62
chr12,86419274,86422913	chr12,105983558,105983682	28.01
chr12,86419274,86422913	chr12,106671756,106672098	18.95
chr12,86419274,86422913	chr12,108373145,108374608	76.74
chr12,86419274,86422913	chr12,108468135,108468337	23.15
chr12,86419274,86422913	chr12,112487522,112488070	36.85
chr12,86419274,86422913	chr12,113397252,113397547	153.17
chr12,86419274,86422913	chr12,117500397,117500982	124.92
chr12,86419274,86422913	chr12,117985729,117986170	14.29
chr12,86419274,86422913	chr12,118598908,118599110	51.08
chr12,86419274,86422913	chr13,31273193,31273402	55.62
chr12,86419274,86422913	chr13,51435028,51435290	18.1
chr12,86419274,86422913	chr14,56201973,56202898	70.84
chr12,86419274,86422913	chr15,16482137,16482552	36.21
chr12,86419274,86422913	chr15,31868973,31869292	91.83
chr12,86419274,86422913	chr15,75513968,75514363	22.48
chr12,86419274,86422913	chr16,89360959,89362989	5.73
chr12,86419274,86422913	chr16,93862983,93864064	22.48
chr12,86419274,86422913	chr17,83774166,83774918	26.96
chr12,86419274,86422913	chr18,26346885,26347132	22.48
chr12,86419274,86422913	chr18,43048546,43048712	181.76
chr12,86419274,86422913	chr19,6144949,6146041	31.54
chr12,86419274,86422913	chr19,22950017,22950159	22.48
chr12,86419274,86422913	chr19,25910334,25910680	55.62
chr12,86419274,86422913	chr19,34820307,34821727	13.84
chr12,86419274,86422913	chr2,49579214,49579342	50.67
chr12,86419274,86422913	chr2,115629222,115629647	26.96
chr12,86419274,86422913	chr2,181406031,181407231	193.52
chr12,86419274,86422913	chr3,28986455,28986926	5.73
chr12,86419274,86422913	chr3,59938870,59939054	9.71
chr12,86419274,86422913	chr3,129662756,129662870	451.4
chr12,86419274,86422913	chr4,33629865,33630047	18.1
chr12,86419274,86422913	chr4,34024690,34024866	76.01
chr12,86419274,86422913	chr4,75041254,75041687	13.84
chr12,86419274,86422913	chr5,20964091,20965019	135.77
chr12,86419274,86422913	chr5,133777806,133778773	18.1
chr12,86419274,86422913	chr6,28961991,28962544	36.21
chr12,86419274,86422913	chr6,57600146,57600407	366.76
chr12,86419274,86422913	chr7,75701780,75702280	13.84
chr12,86419274,86422913	chr7,117709627,117711559	36.21
chr12,86419274,86422913	chr7,119300134,119300400	193.52
chr12,86419274,86422913	chr7,140853863,140854105	60.64
chr12,86419274,86422913	chr8,34763937,34764717	266
chr12,86419274,86422913	chr8,68631199,68632025	5.73
chr12,86419274,86422913	chr9,94230799,94231486	13.84
chr12,86419274,86422913	chr9,104443116,104443793	31.54
chr12,86419274,86422913	chr9,123314351,123314880	425.12
chr15,7128930,7130283	chr11,43747023,43747142	22.48
chr15,7128930,7130283	chr11,83709216,83709439	5.73
chr15,7128930,7130283	chr14,20751352,20751885	9.71
chr15,7128930,7130283	chr14,33005624,33006103	45.78
chr15,7128930,7130283	chr15,3403881,3404518	6.32
chr15,7128930,7130283	chr15,3635057,3635515	11.03
chr15,7128930,7130283	chr15,4744618,4744884	8.26
chr15,7128930,7130283	chr15,6845607,6845864	6.31
chr15,7128930,7130283	chr15,7077505,7077740	6.59
chr15,7128930,7130283	chr15,7197026,7197872	5.08
chr15,7128930,7130283	chr15,7258883,7259602	5.02
chr15,7128930,7130283	chr15,7283093,7283565	5.39
chr15,7128930,7130283	chr15,7446863,7447015	6.16
chr15,7128930,7130283	chr15,7721480,7722048	6.22
chr15,7128930,7130283	chr15,7825965,7826601	6.53
chr15,7128930,7130283	chr15,10130905,10131445	6.7
chr15,7128930,7130283	chr15,12714831,12716200	22.68
chr15,7128930,7130283	chr15,13107411,13108392	7.93
chr15,7128930,7130283	chr15,23167799,23167995	19.47
chr15,7128930,7130283	chr15,32177419,32177672	6.47
chr15,7128930,7130283	chr15,41399088,41399445	41.34
chr15,7128930,7130283	chr15,42588230,42588838	14.2
chr15,7128930,7130283	chr15,50571639,50571873	41.19
chr15,7128930,7130283	chr15,57397388,57397706	22.64
chr15,7128930,7130283	chr15,57512293,57513057	5.9
chr15,7128930,7130283	chr15,60007310,60008316	9.85
chr15,7128930,7130283	chr15,60501854,60503123	18.24
chr15,7128930,7130283	chr15,61524374,61525477	13.97
chr15,7128930,7130283	chr15,68450121,68450319	27.06
chr15,7128930,7130283	chr15,70464972,70465583	13.93
chr15,7128930,7130283	chr15,70630499,70630777	22.57
chr15,7128930,7130283	chr15,72291196,72291664	31.63
chr15,7128930,7130283	chr15,73625505,73626150	55.7
chr15,7128930,7130283	chr15,74512982,74513622	5.81
chr15,7128930,7130283	chr15,85111370,85111926	13.89
chr15,7128930,7130283	chr15,88109761,88110613	113.55
chr15,7128930,7130283	chr15,88848081,88848548	22.51
chr15,7128930,7130283	chr15,90271451,90271653	5.78
chr15,7128930,7130283	chr15,103460775,103461026	5.76
chr15,7128930,7130283	chr17,7802031,7802961	9.71
chr15,7128930,7130283	chr17,73202824,73203460	9.71
chr15,7128930,7130283	chr18,9641844,9641946	31.54
chr15,7128930,7130283	chr18,81782499,81783469	9.71
chr15,7128930,7130283	chr19,29510460,29510575	40.96
chr15,7128930,7130283	chr19,43503003,43503194	9.71
chr15,7128930,7130283	chr2,37107323,37107556	13.84
chr15,7128930,7130283	chr4,19866830,19868042	26.96
chr15,7128930,7130283	chr6,91102622,91103236	181.76
chr15,7128930,7130283	chr6,136739603,136739996	13.84
chr15,7128930,7130283	chr7,72202382,72202595	5.73
chr15,7128930,7130283	chr8,8209954,8210613	22.48
chr15,7128930,7130283	chr8,109488089,109489250	18.1
chr15,7128930,7130283	chr8,114652309,114653151	22.48
chr15,7128930,7130283	chr9,29090770,29091136	5.73
chr15,7128930,7130283	chr9,49514941,49515239	22.48
chr16,10479663,10480580	chr1,175177318,175177846	55.62
chr16,10479663,10480580	chr10,106680155,106680540	60.64
chr16,10479663,10480580	chr10,125892636,125893380	124.57
chr16,10479663,10480580	chr11,76699813,76700132	31.54
chr16,10479663,10480580	chr12,56333006,56333324	13.84
chr16,10479663,10480580	chr12,108407693,108407859	31.54
chr16,10479663,10480580	chr13,6869781,6870834	18.1
chr16,10479663,10480580	chr13,74911932,74912675	26.96
chr16,10479663,10480580	chr13,96984097,96984953	9.71
chr16,10479663,10480580	chr14,18290448,18290723	18.1
chr16,10479663,10480580	chr14,111119524,111119802	65.71
chr16,10479663,10480580	chr15,41548458,41549380	5.73
chr16,10479663,10480580	chr15,79739305,79740330	315.86
chr16,10479663,10480580	chr15,88747658,88747834	9.71
chr16,10479663,10480580	chr16,4118969,4119264	12.96
chr16,10479663,10480580	chr16,4359760,4360427	10.86
chr16,10479663,10480580	chr16,5201605,5202252	14.46
chr16,10479663,10480580	chr16,7728015,7728873	7.8
chr16,10479663,10480580	chr16,8422293,8422667	8.44
chr16,10479663,10480580	chr16,8617325,8617700	5.45
chr16,10479663,10480580	chr16,8681335,8681809	28.08
chr16,10479663,10480580	chr16,8765127,8765342	5.21
chr16,10479663,10480580	chr16,10381363,10382419	6.12
chr16,10479663,10480580	chr16,10430200,10430453	6.8
chr16,10479663,10480580	chr16,10822384,10822499	5.82
chr16,10479663,10480580	chr16,10865610,10867225	6.44
chr16,10479663,10480580	chr16,11096046,11096796	6.2
chr16,10479663,10480580	chr16,11508212,11508580	5.46
chr16,10479663,10480580	chr16,12038677,12038796	8.27
chr16,10479663,10480580	chr16,12564137,12564358	6.37
chr16,10479663,10480580	chr16,13510651,13510805	7.53
chr16,10479663,10480580	chr16,13547488,13547727	10.22
chr16,10479663,10480580	chr16,16875863,16876173	11.17
chr16,10479663,10480580	chr16,17015357,17016564	13.2
chr16,10479663,10480580	chr16,17246938,17247684	7.45
chr16,10479663,10480580	chr16,23488762,23489441	47.39
chr16,10479663,10480580	chr16,33671217,33671702	71.59
chr16,10479663,10480580	chr16,37033856,37034534	153.29
chr16,10479663,10480580	chr16,38125014,38125270	51.25
chr16,10479663,10480580	chr16,38959916,38960619	27.53
chr16,10479663,10480580	chr16,40331081,40332351	36.72
chr16,10479663,10480580	chr16,58730859,58731636	14.02
chr16,10479663,10480580	chr16,63437309,63437838	36.35
chr16,10479663,10480580	chr16,63504607,63507154	22.62
chr16,10479663,10480580	chr16,76344287,76344561	9.79
chr16,10479663,10480580	chr16,90530016,90530886	60.69
chr16,10479663,10480580	chr16,95345084,95345763	25.63
chr16,10479663,10480580	chr16,96706986,96707747	18.14
chr16,10479663,10480580	chr16,97714295,97715238	229.41
chr16,10479663,10480580	chr17,24953491,24953772	22.48
chr16,10479663,10480580	chr18,21107005,21107995	31.54
chr16,10479663,10480580	chr18,38202688,38203265	223.35
chr16,10479663,10480580	chr18,38661826,38662617	13.84
chr16,10479663,10480580	chr2,3247503,3247996	36.21
chr16,10479663,10480580	chr2,90744806,90745487	40.96
chr16,10479663,10480580	chr2,180611049,180611409	40.96
chr16,10479663,10480580	chr4,122938668,122938888	76.01
chr16,10479663,10480580	chr5,43813987,43814743	31.54
chr16,10479663,10480580	chr5,53353025,53353238	31.54
chr16,10479663,10480580	chr5,105529115,105529654	50.67
chr16,10479663,10480580	chr5,149712063,149712279	266
chr16,10479663,10480580	chr6,17589238,17590886	55.62
chr16,10479663,10480580	chr6,56601184,56601376	241.51
chr16,10479663,10480580	chr9,10074161,10074910	18.1
chr16,10479663,10480580	chrX,112689084,112690469	50.67
chr16,10486858,10489086	chr1,9515621,9515809	18.1
chr16,10486858,10489086	chr1,60659736,60659856	22.48
chr16,10486858,10489086	chr1,74081876,74082384	13.84
chr16,10486858,10489086	chr1,126556590,126556705	147.09
chr16,10486858,10489086	chr1,135690745,135691174	40.96
chr16,10486858,10489086	chr1,157069712,157069902	431.67
chr16,10486858,10489086	chr10,44902089,44903382	9.71
chr16,10486858,10489086	chr10,65229453,65230384	135.77
chr16,10486858,10489086	chr11,61913762,61915574	13.84
chr16,10486858,10489086	chr11,79688329,79688896	13.84
chr16,10486858,10489086	chr12,107824223,107824608	147.09
chr16,10486858,10489086	chr13,79075322,79075679	438.24
chr16,10486858,10489086	chr13,92115432,92115809	31.54
chr16,10486858,10489086	chr14,32189503,32189861	36.21
chr16,10486858,10489086	chr14,62904310,62905285	40.96
chr16,10486858,10489086	chr14,70087799,70088374	81.24
chr16,10486858,10489086	chr15,15308337,15309103	13.84
chr16,10486858,10489086	chr15,27472875,27473978	199.44
chr16,10486858,10489086	chr15,51818004,51818497	13.84
chr16,10486858,10489086	chr16,4108305,4108793	12.57
chr16,10486858,10489086	chr16,5701943,5702139	132.89
chr16,10486858,10489086	chr16,8468858,8469293	7.58
chr16,10486858,10489086	chr16,9243263,9244480	17.62
chr16,10486858,10489086	chr16,9934235,9934640	5.11
chr16,10486858,10489086	chr16,10277251,10277432	5.75
chr16,10486858,10489086	chr16,10290924,10291212	5.31
chr16,10486858,10489086	chr16,10430200,10430453	5.67
chr16,10486858,10489086	chr16,10525752,10526909	5.01
chr16,10486858,10489086	chr16,10827670,10827816	5.01
chr16,10486858,10489086	chr16,11887672,11888636	5.65
chr16,10486858,10489086	chr16,13264938,13265399	115.11
chr16,10486858,10489086	chr16,13634576,13634769	30.76
chr16,10486858,10489086	chr16,14129973,14130196	10.53
chr16,10486858,10489086	chr16,15065287,15066282	6.22
chr16,10486858,10489086	chr16,15119076,15119181	5.06
chr16,10486858,10489086	chr16,15428232,15428589	6.57
chr16,10486858,10489086	chr16,16946307,16946981	21.88
chr16,10486858,10489086	chr16,17248803,17248955	9.85
chr16,10486858,10489086	chr16,18373193,18373343	12.81
chr16,10486858,10489086	chr16,18889306,18889870	220.18
chr16,10486858,10489086	chr16,20685198,20686020	10.3
chr16,10486858,10489086	chr16,24170277,24170514	81.96
chr16,10486858,10489086	chr16,29118667,29119348	82.05
chr16,10486858,10489086	chr16,33301085,33302863	14.65
chr16,10486858,10489086	chr16,35242902,35243413	18.79
chr16,10486858,10489086	chr16,45733051,45733246	81.56
chr16,10486858,10489086	chr16,52044247,52044679	36.46
chr16,10486858,10489086	chr16,52386999,52387747	22.72
chr16,10486858,10489086	chr16,57738485,57739086	45.96
chr16,10486858,10489086	chr16,78034754,78034861	50.74
chr16,10486858,10489086	chr16,94167297,94168029	45.82
chr16,10486858,10489086	chr16,97823348,97826260	65.75
chr16,10486858,10489086	chr17,7592138,7592754	18.1
chr16,10486858,10489086	chr17,34235428,34236493	187.63
chr16,10486858,10489086	chr17,89350237,89350798	36.21
chr16,10486858,10489086	chr18,7657574,7658609	13.84
chr16,10486858,10489086	chr18,53380341,53380512	40.96
chr16,10486858,10489086	chr18,71249000,71250048	60.64
chr16,10486858,10489086	chr2,82273592,82273955	18.1
chr16,10486858,10489086	chr3,84634029,84635625	5.73
chr16,10486858,10489086	chr3,133899485,133899694	5.73
chr16,10486858,10489086	chr4,14928659,14928864	353.94
chr16,10486858,10489086	chr4,135373707,135373892	36.21
chr16,10486858,10489086	chr4,136326243,136326872	26.96
chr16,10486858,10489086	chr4,150304871,150305036	55.62
chr16,10486858,10489086	chr5,29017233,29017935	18.1
chr16,10486858,10489086	chr5,32594369,32595587	5.73
chr16,10486858,10489086	chr5,118802381,118802882	22.48
chr16,10486858,10489086	chr5,122135818,122136533	36.21
chr16,10486858,10489086	chr5,146829470,146829876	373.19
chr16,10486858,10489086	chr6,17519263,17519608	102.59
chr16,10486858,10489086	chr6,108191115,108191407	18.1
chr16,10486858,10489086	chr6,112384742,112384911	36.21
chr16,10486858,10489086	chr6,120158334,120158442	97.19
chr16,10486858,10489086	chr7,5935773,5936195	9.71
chr16,10486858,10489086	chr7,20063809,20064301	5.73
chr16,10486858,10489086	chr7,65765736,65765995	211.35
chr16,10486858,10489086	chr8,35953119,35953275	13.84
chr16,10486858,10489086	chr8,84076006,84076253	5.73
chr16,10486858,10489086	chr9,15097085,15097310	315.86
chr16,10486858,10489086	chr9,44492939,44493309	50.67
chr16,10486858,10489086	chr9,46349410,46351172	9.71
chr16,10486858,10489086	chr9,96161928,96162544	5.73
chr16,10489551,10489878	chr1,13134287,13135176	5.73
chr16,10489551,10489878	chr1,36474736,36475069	40.96
chr16,10489551,10489878	chr10,8778440,8779206	315.86
chr16,10489551,10489878	chr10,38721627,38721834	31.54
chr16,10489551,10489878	chr10,72456022,72456327	18.1
chr16,10489551,10489878	chr11,55397678,55398563	9.71
chr16,10489551,10489878	chr12,3705302,3706143	36.21
chr16,10489551,10489878	chr13,91093811,91093983	36.21
chr16,10489551,10489878	chr14,60197488,60197853	18.1
chr16,10489551,10489878	chr15,6484822,6485152	60.64
chr16,10489551,10489878	chr15,9529364,9529601	55.62
chr16,10489551,10489878	chr15,40722827,40723321	187.63
chr16,10489551,10489878	chr15,57888684,57890053	60.64
chr16,10489551,10489878	chr16,3963007,3964322	6.83
chr16,10489551,10489878	chr16,5042859,5043120	7.74
chr16,10489551,10489878	chr16,5098369,5098511	9.18
chr16,10489551,10489878	chr16,8522630,8523022	31.13
chr16,10489551,10489878	chr16,8534857,8535710	5.57
chr16,10489551,10489878	chr16,8747202,8748558	5.22
chr16,10489551,10489878	chr16,8790918,8791135	5.16
chr16,10489551,10489878	chr16,9762223,9762877	5.27
chr16,10489551,10489878	chr16,10271453,10271595	5.49
chr16,10489551,10489878	chr16,10303816,10304658	5.21
chr16,10489551,10489878	chr16,10389212,10389331	7.57
chr16,10489551,10489878	chr16,10436268,10436486	5.44
chr16,10489551,10489878	chr16,10792957,10793332	5.61
chr16,10489551,10489878	chr16,10828677,10830145	5.21
chr16,10489551,10489878	chr16,10832065,10833076	7.42
chr16,10489551,10489878	chr16,10944565,10944698	5.24
chr16,10489551,10489878	chr16,11174651,11175204	10.51
chr16,10489551,10489878	chr16,11248096,11248197	6.12
chr16,10489551,10489878	chr16,11253129,11253990	7.39
chr16,10489551,10489878	chr16,11563189,11564979	8.14
chr16,10489551,10489878	chr16,12037243,12037901	28.12
chr16,10489551,10489878	chr16,13366917,13367076	6.57
chr16,10489551,10489878	chr16,14200142,14201335	7.98
chr16,10489551,10489878	chr16,14319895,14321494	7.14
chr16,10489551,10489878	chr16,18196470,18196858	93.76
chr16,10489551,10489878	chr16,18673087,18674047	12.08
chr16,10489551,10489878	chr16,21928565,21929067	52.13
chr16,10489551,10489878	chr16,22398371,22398767	97.66
chr16,10489551,10489878	chr16,24728318,24729110	186.93
chr16,10489551,10489878	chr16,26794840,26795175	37.51
chr16,10489551,10489878	chr16,29778748,29779851	114.23
chr16,10489551,10489878	chr16,29943598,29944052	10.79
chr16,10489551,10489878	chr16,37408347,37409289	87.06
chr16,10489551,10489878	chr16,37677047,37677335	18.71
chr16,10489551,10489878	chr16,38644563,38645164	76.53
chr16,10489551,10489878	chr16,41445260,41445514	32.01
chr16,10489551,10489878	chr16,43315215,43316347	18.52
chr16,10489551,10489878	chr16,43654757,43655383	61.03
chr16,10489551,10489878	chr16,44523345,44523875	61.01
chr16,10489551,10489878	chr16,46739830,46740468	223.55
chr16,10489551,10489878	chr16,57304833,57305228	55.81
chr16,10489551,10489878	chr16,60616685,60617350	55.78
chr16,10489551,10489878	chr16,85499549,85500185	187.68
chr16,10489551,10489878	chr16,90370744,90371705	76.06
chr16,10489551,10489878	chr16,90692037,90692488	22.53
chr16,10489551,10489878	chr16,92105249,92105731	65.76
chr16,10489551,10489878	chr16,95799932,95800449	97.23
chr16,10489551,10489878	chr17,32391147,32392067	22.48
chr16,10489551,10489878	chr18,7920582,7920701	65.71
chr16,10489551,10489878	chr18,36265162,36265566	70.84
chr16,10489551,10489878	chr18,39088873,39089802	551.6
chr16,10489551,10489878	chr19,5486514,5486805	5.73
chr16,10489551,10489878	chr19,36445568,36449780	45.78
chr16,10489551,10489878	chr2,156286940,156287423	36.21
chr16,10489551,10489878	chr4,46148287,46148704	18.1
chr16,10489551,10489878	chr4,50138503,50138909	40.96
chr16,10489551,10489878	chr4,110982051,110982231	18.1
chr16,10489551,10489878	chr5,28662276,28662564	26.96
chr16,10489551,10489878	chr5,81724097,81724444	9.71
chr16,10489551,10489878	chr6,6474226,6475044	65.71
chr16,10489551,10489878	chr6,25766565,25767470	55.62
chr16,10489551,10489878	chr6,34320141,34320371	50.67
chr16,10489551,10489878	chr6,137500947,137501234	5.73
chr16,10489551,10489878	chr7,28050681,28051232	18.1
chr16,10489551,10489878	chr7,138407688,138407963	13.84
chr16,10489551,10489878	chr8,57432428,57432857	13.84
chr16,10489551,10489878	chr8,119628404,119629166	119.02
chr16,10489551,10489878	chr9,30401920,30402440	31.54
chr16,10489551,10489878	chr9,33470320,33470566	22.48
chr16,10489551,10489878	chr9,35533810,35534256	26.96
chr16,10489551,10489878	chr9,47283108,47283782	36.21
chr16,10489551,10489878	chr9,79238635,79238843	40.96
chr16,10489551,10489878	chrX,17376805,17377295	181.76
chr16,10489551,10489878	chrX,50765194,50765750	353.94
chr2,168766420,168767218	chr1,89799350,89799586	26.96
chr2,168766420,168767218	chr1,171525491,171525736	130.15
chr2,168766420,168767218	chr1,173861276,173861674	13.84
chr2,168766420,168767218	chr1,193961528,193962307	40.96
chr2,168766420,168767218	chr10,69325069,69325314	9.71
chr2,168766420,168767218	chr11,108665777,108666100	31.54
chr2,168766420,168767218	chr13,43920875,43921055	31.54
chr2,168766420,168767218	chr13,49567265,49568041	22.48
chr2,168766420,168767218	chr18,56482500,56482619	9.71
chr2,168766420,168767218	chr18,58840246,58840828	50.67
chr2,168766420,168767218	chr2,31257084,31257482	91.84
chr2,168766420,168767218	chr2,33027890,33028306	5.74
chr2,168766420,168767218	chr2,52437270,52437519	60.66
chr2,168766420,168767218	chr2,76088279,76088731	5.77
chr2,168766420,168767218	chr2,92523194,92523497	5.79
chr2,168766420,168767218	chr2,109963950,109964346	13.95
chr2,168766420,168767218	chr2,112670625,112671350	27.09
chr2,168766420,168767218	chr2,117772098,117773411	36.37
chr2,168766420,168767218	chr2,127428293,127428399	36.47
chr2,168766420,168767218	chr2,131856640,131857169	18.43
chr2,168766420,168767218	chr2,135654046,135656014	6.16
chr2,168766420,168767218	chr2,141613600,141614672	18.73
chr2,168766420,168767218	chr2,145312138,145312841	41.77
chr2,168766420,168767218	chr2,150135529,150136135	15.02
chr2,168766420,168767218	chr2,150362965,150363550	6.96
chr2,168766420,168767218	chr2,150988219,150988640	109.12
chr2,168766420,168767218	chr2,152047986,152049029	23.76
chr2,168766420,168767218	chr2,153406864,153408946	23.82
chr2,168766420,168767218	chr2,153908514,153908890	11.32
chr2,168766420,168767218	chr2,154001321,154002045	26.97
chr2,168766420,168767218	chr2,154634380,154634608	33.22
chr2,168766420,168767218	chr2,155788498,155788663	27.03
chr2,168766420,168767218	chr2,157595162,157596125	19.33
chr2,168766420,168767218	chr2,160704350,160704583	11.67
chr2,168766420,168767218	chr2,162707220,162707388	95.08
chr2,168766420,168767218	chr2,163103942,163105564	17.91
chr2,168766420,168767218	chr2,165055694,165055851	24.7
chr2,168766420,168767218	chr2,166690926,166691411	9.13
chr2,168766420,168767218	chr2,166694929,166695159	5.6
chr2,168766420,168767218	chr2,167693517,167694856	5.54
chr2,168766420,168767218	chr2,168207953,168209558	9
chr2,168766420,168767218	chr2,168334545,168335012	9.28
chr2,168766420,168767218	chr2,168464208,168465056	5.5
chr2,168766420,168767218	chr2,168653599,168653783	5.52
chr2,168766420,168767218	chr2,168730103,168730682	5.25
chr2,168766420,168767218	chr2,168907855,168908447	5.53
chr2,168766420,168767218	chr2,169078151,169079676	5.07
chr2,168766420,168767218	chr2,169365768,169365906	5.85
chr2,168766420,168767218	chr2,170138168,170138683	7.64
chr2,168766420,168767218	chr2,170691607,170693275	32.29
chr2,168766420,168767218	chr2,171341213,171341548	5.36
chr2,168766420,168767218	chr2,172429033,172429507	159.42
chr2,168766420,168767218	chr2,172463168,172463957	9.26
chr2,168766420,168767218	chr2,172897288,172898255	20.07
chr2,168766420,168767218	chr2,174472235,174472626	10.18
chr2,168766420,168767218	chr2,174864713,174865287	5.26
chr2,168766420,168767218	chr2,178093409,178094113	11.89
chr2,168766420,168767218	chr2,178457678,178457926	8.19
chr2,168766420,168767218	chr2,178502731,178503138	11.9
chr2,168766420,168767218	chr2,179787845,179788381	15.65
chr2,168766420,168767218	chr2,179822134,179822855	11.81
chr2,168766420,168767218	chr2,180756337,180756565	15.66
chr2,168766420,168767218	chr2,181447289,181447888	19.63
chr2,168766420,168767218	chr3,83855191,83855335	22.48
chr2,168766420,168767218	chr3,137027944,137029120	5.73
chr2,168766420,168767218	chr4,123156764,123157388	5.73
chr2,168766420,168767218	chr4,134498630,134499977	13.84
chr2,168766420,168767218	chr4,149074505,149075057	26.96
chr2,168766420,168767218	chr5,133786676,133787349	26.96
chr2,168766420,168767218	chr5,146134850,146136240	22.48
chr2,168766420,168767218	chr6,143292605,143292909	22.48
chr2,168766420,168767218	chr7,12734753,12734951	31.54
chr2,168766420,168767218	chr7,17085284,17086143	97.19
chr2,168766420,168767218	chr7,111276139,111276757	9.71
chr2,168766420,168767218	chr7,125517015,125517688	9.71
chr2,168766420,168767218	chr7,131281187,131281524	18.1
chr2,168766420,168767218	chr7,140398725,140400083	9.71
chr2,168766420,168767218	chr8,24651465,24651913	5.73
chr3,34648729,34650279	chr1,190451410,190451521	9.71
chr3,34648729,34650279	chr11,24764830,24765997	31.54
chr3,34648729,34650279	chr11,82060541,82061057	5.73
chr3,34648729,34650279	chr11,112280379,112280723	50.67
chr3,34648729,34650279	chr11,116579428,116579654	36.21
chr3,34648729,34650279	chr14,46566941,46568072	13.84
chr3,34648729,34650279	chr15,40786479,40786642	9.71
chr3,34648729,34650279	chr16,29586302,29586551	5.73
chr3,34648729,34650279	chr17,73154162,73154599	223.35
chr3,34648729,34650279	chr18,23168017,23168299	22.48
chr3,34648729,34650279	chr19,58926349,58926734	40.96
chr3,34648729,34650279	chr2,41013991,41014290	5.73
chr3,34648729,34650279	chr3,5852694,5853143	23.05
chr3,34648729,34650279	chr3,13916435,13917234	10.72
chr3,34648729,34650279	chr3,26164866,26165101	8.35
chr3,34648729,34650279	chr3,26581785,26581909	26.81
chr3,34648729,34650279	chr3,27701623,27703470	8.34
chr3,34648729,34650279	chr3,29475440,29476292	7.65
chr3,34648729,34650279	chr3,29790791,29793045	7.44
chr3,34648729,34650279	chr3,30518265,30519323	26.89
chr3,34648729,34650279	chr3,30716422,30717086	5.01
chr3,34648729,34650279	chr3,31387087,31387338	6.04
chr3,34648729,34650279	chr3,31408104,31408842	7.23
chr3,34648729,34650279	chr3,31721488,31721692	11.94
chr3,34648729,34650279	chr3,31816863,31816990	8.69
chr3,34648729,34650279	chr3,32355700,32356177	5.03
chr3,34648729,34650279	chr3,32583559,32583901	14.83
chr3,34648729,34650279	chr3,32708055,32708188	20.26
chr3,34648729,34650279	chr3,32752714,32753289	24.66
chr3,34648729,34650279	chr3,32813073,32813514	9.96
chr3,34648729,34650279	chr3,32949216,32949835	6.74
chr3,34648729,34650279	chr3,33409346,33409668	6.46
chr3,34648729,34650279	chr3,33867777,33868021	5.52
chr3,34648729,34650279	chr3,34002467,34002833	5.85
chr3,34648729,34650279	chr3,34421409,34421736	5
chr3,34648729,34650279	chr3,34725720,34726414	5.2
chr3,34648729,34650279	chr3,34914182,34914408	5.31
chr3,34648729,34650279	chr3,34955916,34956693	5.06
chr3,34648729,34650279	chr3,34998954,34999162	5.52
chr3,34648729,34650279	chr3,35486417,35486697	5.56
chr3,34648729,34650279	chr3,35600059,35600171	6.96
chr3,34648729,34650279	chr3,35720433,35720633	7.56
chr3,34648729,34650279	chr3,36506442,36506894	10.62
chr3,34648729,34650279	chr3,36649448,36649866	7.5
chr3,34648729,34650279	chr3,37429625,37430992	183.93
chr3,34648729,34650279	chr3,38564157,38564626	8.14
chr3,34648729,34650279	chr3,38674447,38674666	13.99
chr3,34648729,34650279	chr3,39483337,39483654	7.42
chr3,34648729,34650279	chr3,39502082,39503442	122.41
chr3,34648729,34650279	chr3,40421997,40422459	25.63
chr3,34648729,34650279	chr3,41603793,41603979	20.25
chr3,34648729,34650279	chr3,47611423,47611617	7.64
chr3,34648729,34650279	chr3,54735112,54735901	10.77
chr3,34648729,34650279	chr3,58471187,58471708	6.54
chr3,34648729,34650279	chr3,58480580,58481269	10.51
chr3,34648729,34650279	chr3,59278309,59279232	32.29
chr3,34648729,34650279	chr3,61292681,61293589	18.75
chr3,34648729,34650279	chr3,87495814,87496633	13.98
chr3,34648729,34650279	chr3,89658306,89658466	9.84
chr3,34648729,34650279	chr3,91207596,91207837	22.59
chr3,34648729,34650279	chr3,99136385,99136711	27.05
chr3,34648729,34650279	chr3,109420882,109421020	27.02
chr3,34648729,34650279	chr3,118020031,118020246	22.51
chr3,34648729,34650279	chr3,136320850,136320999	9.73
chr3,34648729,34650279	chr3,139866564,139867320	13.86
chr3,34648729,34650279	chr3,152090195,152091012	70.85
chr3,34648729,34650279	chr3,157608576,157609056	9.72
chr3,34648729,34650279	chr4,123579390,123579604	241.51
chr3,34648729,34650279	chr5,36766049,36766256	22.48
chr3,34648729,34650279	chr5,40119346,40119457	5.73
chr3,34648729,34650279	chr5,62557983,62559824	26.96
chr3,34648729,34650279	chr5,132191948,132192074	13.84
chr3,34648729,34650279	chr6,7371226,7371880	18.1
chr3,34648729,34650279	chr6,42212355,42213896	45.78
chr3,34648729,34650279	chr6,130950561,130950791	13.84
chr3,34648729,34650279	chr7,56491905,56492324	175.91
chr3,34648729,34650279	chr7,105520891,105521256	40.96
chr4,55531324,55531996	chr1,49709252,49710250	9.71
chr4,55531324,55531996	chr10,84843893,84844462	76.01
chr4,55531324,55531996	chr12,21347648,21348047	5.73
chr4,55531324,55531996	chr13,110037798,110038445	18.1
chr4,55531324,55531996	chr14,21741867,21742364	22.48
chr4,55531324,55531996	chr14,52038851,52039108	22.48
chr4,55531324,55531996	chr17,44681279,44682320	13.84
chr4,55531324,55531996	chr3,24430904,24431689	5.73
chr4,55531324,55531996	chr4,21861161,21863367	46.18
chr4,55531324,55531996	chr4,31909432,31910089	56.4
chr4,55531324,55531996	chr4,44102851,44103148	11.71
chr4,55531324,55531996	chr4,45841959,45842849	43.1
chr4,55531324,55531996	chr4,48047743,48047945	8.25
chr4,55531324,55531996	chr4,55596935,55597561	5.1
chr4,55531324,55531996	chr4,55710559,55710773	5.1
chr4,55531324,55531996	chr4,55885107,55885558	5.13
chr4,55531324,55531996	chr4,56130373,56130592	7.95
chr4,55531324,55531996	chr4,56420892,56421352	9.46
chr4,55531324,55531996	chr4,74353365,74353505	6.91
chr4,55531324,55531996	chr4,82393111,82393714	6.38
chr4,55531324,55531996	chr4,83263782,83265176	10.31
chr4,55531324,55531996	chr4,86575700,86575992	32.02
chr4,55531324,55531996	chr4,89912166,89912484	92.2
chr4,55531324,55531996	chr4,108755731,108757651	41.1
chr4,55531324,55531996	chr4,115011622,115012043	22.6
chr4,55531324,55531996	chr4,119339240,119339396	91.92
chr4,55531324,55531996	chr4,126982330,126982490	9.78
chr4,55531324,55531996	chr4,129478154,129478304	41.02
chr4,55531324,55531996	chr4,138912751,138913700	18.15
chr4,55531324,55531996	chr4,143245540,143246585	18.14
chr4,55531324,55531996	chr8,42124618,42125888	9.71
chr4,55531324,55531996	chr9,85342622,85343256	5.73
chr4,55531324,55531996	chr9,107110743,107111065	13.84
chr6,122339268,122340303	chr1,64302776,64304221	9.71
chr6,122339268,122340303	chr10,94012566,94012827	18.1
chr6,122339268,122340303	chr10,102385677,102386636	5.73
chr6,122339268,122340303	chr10,119150970,119151557	13.84
chr6,122339268,122340303	chr10,120244780,120245162	9.71
chr6,122339268,122340303	chr11,77343086,77343244	113.51
chr6,122339268,122340303	chr11,88278494,88279134	5.73
chr6,122339268,122340303	chr11,106433449,106433572	5.73
chr6,122339268,122340303	chr12,90915274,90915520	9.71
chr6,122339268,122340303	chr12,104008362,104008604	5.73
chr6,122339268,122340303	chr14,26787389,26787581	9.71
chr6,122339268,122340303	chr15,57089691,57089807	18.1
chr6,122339268,122340303	chr15,61528673,61529232	9.71
chr6,122339268,122340303	chr15,90213852,90214321	5.73
chr6,122339268,122340303	chr16,28470048,28470401	70.84
chr6,122339268,122340303	chr16,90526028,90526402	13.84
chr6,122339268,122340303	chr16,91040776,91041341	13.84
chr6,122339268,122340303	chr17,87086760,87086983	5.73
chr6,122339268,122340303	chr19,50318081,50318425	31.54
chr6,122339268,122340303	chr2,118851050,118851678	5.73
chr6,122339268,122340303	chr2,125036393,125036981	18.1
chr6,122339268,122340303	chr2,156716913,156718210	22.48
chr6,122339268,122340303	chr2,168264854,168264995	5.73
chr6,122339268,122340303	chr3,94473886,94474040	5.73
chr6,122339268,122340303	chr3,131196422,131196667	86.51
chr6,122339268,122340303	chr3,144178076,144178299	40.96
chr6,122339268,122340303	chr4,86812688,86812814	5.73
chr6,122339268,122340303	chr6,3477099,3477435	13.85
chr6,122339268,122340303	chr6,17303606,17303871	22.52
chr6,122339268,122340303	chr6,24923974,24924788	13.87
chr6,122339268,122340303	chr6,29090119,29090641	113.54
chr6,122339268,122340303	chr6,36915762,36916319	70.88
chr6,122339268,122340303	chr6,40247671,40248306	41.01
chr6,122339268,122340303	chr6,61247372,61247862	13.94
chr6,122339268,122340303	chr6,65470177,65470590	5.85
chr6,122339268,122340303	chr6,65970410,65970835	22.6
chr6,122339268,122340303	chr6,70589362,70590220	18.25
chr6,122339268,122340303	chr6,79014425,79014923	5.97
chr6,122339268,122340303	chr6,83186909,83187258	86.8
chr6,122339268,122340303	chr6,84320100,84320387	6.05
chr6,122339268,122340303	chr6,89420116,89420465	66.13
chr6,122339268,122340303	chr6,89431535,89431679	22.93
chr6,122339268,122340303	chr6,93890543,93891140	6.31
chr6,122339268,122340303	chr6,99214602,99214865	6.58
chr6,122339268,122340303	chr6,102455736,102456722	6.83
chr6,122339268,122340303	chr6,106096892,106098151	23.91
chr6,122339268,122340303	chr6,106758027,106758819	7.28
chr6,122339268,122340303	chr6,108814983,108815234	15.65
chr6,122339268,122340303	chr6,113743732,113744255	234.5
chr6,122339268,122340303	chr6,116902352,116902865	5.67
chr6,122339268,122340303	chr6,117431129,117431487	176.23
chr6,122339268,122340303	chr6,117706617,117708303	194.03
chr6,122339268,122340303	chr6,118603726,118603921	12.71
chr6,122339268,122340303	chr6,119079609,119079752	10.19
chr6,122339268,122340303	chr6,119377103,119377765	5.39
chr6,122339268,122340303	chr6,119777300,119778264	7.6
chr6,122339268,122340303	chr6,120669583,120669819	5.28
chr6,122339268,122340303	chr6,120912548,120912982	6.21
chr6,122339268,122340303	chr6,121458492,121459553	10.13
chr6,122339268,122340303	chr6,122291825,122292769	6.73
chr6,122339268,122340303	chr6,122309362,122309683	5.95
chr6,122339268,122340303	chr6,122361550,122361865	5.48
chr6,122339268,122340303	chr6,122382569,122382687	5.1
chr6,122339268,122340303	chr6,122382827,122383589	5.11
chr6,122339268,122340303	chr6,122516652,122516823	5.62
chr6,122339268,122340303	chr6,122645770,122646010	7.85
chr6,122339268,122340303	chr6,122675411,122676161	5.32
chr6,122339268,122340303	chr6,122740820,122740980	5.77
chr6,122339268,122340303	chr6,122849355,122850064	5.61
chr6,122339268,122340303	chr6,122856024,122856131	5.37
chr6,122339268,122340303	chr6,125131820,125132015	6.7
chr6,122339268,122340303	chr6,125539745,125539867	11.47
chr6,122339268,122340303	chr6,128598601,128599588	5.46
chr6,122339268,122340303	chr6,130379374,130379608	8.65
chr6,122339268,122340303	chr6,133908323,133908454	126.23
chr6,122339268,122340303	chr6,134829148,134829880	7.74
chr6,122339268,122340303	chr6,137531608,137532914	11.3
chr6,122339268,122340303	chr6,137813071,137813183	142.73
chr6,122339268,122340303	chr6,137919252,137920215	77.47
chr6,122339268,122340303	chr6,138077713,138078765	7.26
chr6,122339268,122340303	chr6,139578233,139578356	19.43
chr6,122339268,122340303	chr6,141113626,141114690	92.95
chr6,122339268,122340303	chr6,142510633,142510920	176.84
chr6,122339268,122340303	chr6,142996552,142997269	66.71
chr6,122339268,122340303	chr6,145332448,145333227	10.57
chr6,122339268,122340303	chr6,145345277,145345811	10.57
chr6,122339268,122340303	chr6,148211528,148211756	6.43
chr6,122339268,122340303	chr7,114509818,114510874	5.73
chr6,122339268,122340303	chr9,47080397,47080545	40.96
chr6,122707354,122707701	chr1,80621418,80621783	36.21
chr6,122707354,122707701	chr13,12313423,12314057	31.54
chr6,122707354,122707701	chr14,81920117,81920666	13.84
chr6,122707354,122707701	chr16,80587176,80588142	9.71
chr6,122707354,122707701	chr6,6883399,6883904	86.53
chr6,122707354,122707701	chr6,8319937,8320114	9.73
chr6,122707354,122707701	chr6,12848461,12848739	130.17
chr6,122707354,122707701	chr6,54035878,54036383	9.78
chr6,122707354,122707701	chr6,72244237,72244467	9.87
chr6,122707354,122707701	chr6,80368134,80369618	5.98
chr6,122707354,122707701	chr6,83070771,83071677	10
chr6,122707354,122707701	chr6,83710356,83710597	31.84
chr6,122707354,122707701	chr6,84953241,84953877	22.8
chr6,122707354,122707701	chr6,91395013,91395383	6.21
chr6,122707354,122707701	chr6,98074783,98075253	10.47
chr6,122707354,122707701	chr6,98514181,98514535	56.4
chr6,122707354,122707701	chr6,105017875,105018750	19.39
chr6,122707354,122707701	chr6,108075104,108075411	11.38
chr6,122707354,122707701	chr6,111926995,111927265	8.07
chr6,122707354,122707701	chr6,115355113,115355395	39.15
chr6,122707354,122707701	chr6,117711802,117712306	5.86
chr6,122707354,122707701	chr6,118011070,118011641	19.49
chr6,122707354,122707701	chr6,122411912,122413033	5.23
chr6,122707354,122707701	chr6,122449122,122449250	7.29
chr6,122707354,122707701	chr6,122735429,122735566	5.03
chr6,122707354,122707701	chr6,122901261,122901576	5.12
chr6,122707354,122707701	chr6,122942914,122943157	7.35
chr6,122707354,122707701	chr6,122967537,122968045	6.99
chr6,122707354,122707701	chr6,123111675,123112434	6.42
chr6,122707354,122707701	chr6,123294897,123296798	5.58
chr6,122707354,122707701	chr6,123713285,123713548	9.09
chr6,122707354,122707701	chr6,123891211,123891756	7.61
chr6,122707354,122707701	chr6,124106386,124107343	8.34
chr6,122707354,122707701	chr6,125791047,125791396	5.75
chr6,122707354,122707701	chr6,128974438,128975268	5.5
chr6,122707354,122707701	chr6,133642291,133643441	24.38
chr6,122707354,122707701	chr6,135234090,135234729	11.71
chr6,122707354,122707701	chr6,143529570,143529737	10.72
chr6,122707354,122707701	chr6,145600430,145600656	10.57
chr6,122707354,122707701	chr6,149177419,149177566	10.37
chr6,122707354,122707701	chr6,149537487,149538348	71.47
chr8,72317488,72319340	chr10,18575802,18576223	26.96
chr8,72317488,72319340	chr11,29222669,29222999	18.1
chr8,72317488,72319340	chr11,30820578,30820950	5.73
chr8,72317488,72319340	chr11,119647960,119648382	5.73
chr8,72317488,72319340	chr12,83558739,83559832	5.73
chr8,72317488,72319340	chr13,99020282,99022690	5.73
chr8,72317488,72319340	chr16,95437725,95438272	13.84
chr8,72317488,72319340	chr17,28531033,28531363	5.73
chr8,72317488,72319340	chr17,74714743,74714910	247.6
chr8,72317488,72319340	chr18,89449025,89449749	5.73
chr8,72317488,72319340	chr19,20717640,20719207	9.71
chr8,72317488,72319340	chr2,10297165,10297495	13.84
chr8,72317488,72319340	chr2,136508962,136509526	22.48
chr8,72317488,72319340	chr2,156778668,156778922	5.73
chr8,72317488,72319340	chr2,167930154,167930281	18.1
chr8,72317488,72319340	chr4,8800005,8800113	36.21
chr8,72317488,72319340	chr4,95701888,95702149	5.73
chr8,72317488,72319340	chr4,108413889,108414623	5.73
chr8,72317488,72319340	chr6,129093262,129093498	36.21
chr8,72317488,72319340	chr6,145185397,145185588	9.71
chr8,72317488,72319340	chr7,18863601,18863774	13.84
chr8,72317488,72319340	chr7,46619209,46619593	31.54
chr8,72317488,72319340	chr8,8047040,8047285	36.3
chr8,72317488,72319340	chr8,11655174,11655807	22.58
chr8,72317488,72319340	chr8,22464011,22465261	18.27
chr8,72317488,72319340	chr8,23166389,23167082	9.88
chr8,72317488,72319340	chr8,34151106,34151389	10.02
chr8,72317488,72319340	chr8,35105897,35106489	14.17
chr8,72317488,72319340	chr8,60723814,60723960	11.82
chr8,72317488,72319340	chr8,61417370,61418065	11.93
chr8,72317488,72319340	chr8,66500754,66500857	227.35
chr8,72317488,72319340	chr8,67273309,67273488	14.26
chr8,72317488,72319340	chr8,68793603,68794105	6.98
chr8,72317488,72319340	chr8,69240187,69240737	10.28
chr8,72317488,72319340	chr8,70507409,70508045	6.48
chr8,72317488,72319340	chr8,71633041,71633183	5.87
chr8,72317488,72319340	chr8,71754157,71754699	7.71
chr8,72317488,72319340	chr8,71755967,71756078	5.36
chr8,72317488,72319340	chr8,72092141,72092952	5.51
chr8,72317488,72319340	chr8,72096617,72096940	5.36
chr8,72317488,72319340	chr8,72152392,72153922	5.11
chr8,72317488,72319340	chr8,72172440,72172720	5.21
chr8,72317488,72319340	chr8,74291387,74291734	9.06
chr8,72317488,72319340	chr8,79050536,79050697	16.76
chr8,72317488,72319340	chr8,85110045,85110255	120.51
chr8,72317488,72319340	chr8,85442718,85442972	15.67
chr8,72317488,72319340	chr8,87955558,87956709	23.92
chr8,72317488,72319340	chr8,90110732,90111449	32.81
chr8,72317488,72319340	chr8,95927947,95928588	10.53
chr8,72317488,72319340	chr8,104392274,104392697	31.99
chr8,72317488,72319340	chr8,104775970,104777952	10.15
chr8,72317488,72319340	chr8,110662029,110662688	27.27
chr8,72317488,72319340	chr8,110700620,110701643	10.02
chr8,72317488,72319340	chr8,111120736,111120890	46.08
chr8,72317488,72319340	chr8,111753308,111753715	6.02
chr8,72317488,72319340	chr8,116149044,116149204	5.96
chr8,72317488,72319340	chr8,119531095,119531774	18.29
chr8,72317488,72319340	chr8,120494940,120496299	9.89
chr8,72317488,72319340	chr8,122258216,122259583	9.88
chr8,72317488,72319340	chr8,123986367,123986644	31.7
chr8,72317488,72319340	chr9,109095580,109095725	193.52
chr8,72317488,72319340	chrX,84070249,84070539	13.84
chr8,72317488,72319340	chrX,113831838,113831974	50.67
chr8,72317488,72319340	chrX,154445953,154446064	18.1
chr9,78368132,78368522	chr10,60978966,60979857	22.48
chr9,78368132,78368522	chr10,125758822,125759216	31.54
chr9,78368132,78368522	chr10,127618388,127619793	31.54
chr9,78368132,78368522	chr11,54168033,54169151	45.78
chr9,78368132,78368522	chr11,66302833,66304109	9.71
chr9,78368132,78368522	chr14,74815689,74815938	9.71
chr9,78368132,78368522	chr14,98949745,98950385	5.73
chr9,78368132,78368522	chr15,60408696,60408934	5.73
chr9,78368132,78368522	chr15,98758123,98758849	31.54
chr9,78368132,78368522	chr16,18166026,18166774	5.73
chr9,78368132,78368522	chr16,43677643,43678492	65.71
chr9,78368132,78368522	chr19,49317944,49318662	50.67
chr9,78368132,78368522	chr3,146887655,146888731	9.71
chr9,78368132,78368522	chr3,147117417,147118503	5.73
chr9,78368132,78368522	chr4,105675083,105675798	18.1
chr9,78368132,78368522	chr5,121932864,121932986	18.1
chr9,78368132,78368522	chr6,53689440,53689983	22.48
chr9,78368132,78368522	chr7,81612679,81612842	102.59
chr9,78368132,78368522	chr7,101135564,101136247	18.1
chr9,78368132,78368522	chr9,21862296,21863526	13.96
chr9,78368132,78368522	chr9,23792415,23792698	86.65
chr9,78368132,78368522	chr9,30785263,30786010	14.03
chr9,78368132,78368522	chr9,40328461,40329188	10.02
chr9,78368132,78368522	chr9,45370552,45372522	31.97
chr9,78368132,78368522	chr9,47236726,47237442	6.22
chr9,78368132,78368522	chr9,47819416,47819738	6.24
chr9,78368132,78368522	chr9,57562864,57563823	10.73
chr9,78368132,78368522	chr9,71735572,71735909	9.06
chr9,78368132,78368522	chr9,72460721,72460912	5.64
chr9,78368132,78368522	chr9,73461467,73461995	14.13
chr9,78368132,78368522	chr9,75581678,75582517	10.25
chr9,78368132,78368522	chr9,77371114,77372571	5.59
chr9,78368132,78368522	chr9,77898776,77899360	5.41
chr9,78368132,78368522	chr9,78037119,78037328	5.36
chr9,78368132,78368522	chr9,78094717,78095192	6.72
chr9,78368132,78368522	chr9,78514750,78515314	6.29
chr9,78368132,78368522	chr9,78636794,78637056	5.07
chr9,78368132,78368522	chr9,101976920,101977973	10.53
chr9,78368132,78368522	chr9,106029800,106030159	14.45
chr9,78368132,78368522	chr9,111863002,111863987	61.05
chr9,78368132,78368522	chr9,117473466,117473974	22.77
chr9,78368132,78368522	chr9,118420650,118421213	97.46
chr9,78368132,78368522	chr9,119759797,119760178	9.97
