chr1,118628128,118629090	chr1,59096217,59096754	17.6
chr1,118628128,118629090	chr1,72116336,72116832	9.45
chr1,118628128,118629090	chr1,98586895,98587028	70.45
chr1,118628128,118629090	chr1,106680369,106681419	19.59
chr1,118628128,118629090	chr1,106830917,106831232	97.38
chr1,118628128,118629090	chr1,112896798,112896967	14.96
chr1,118628128,118629090	chr1,113938307,113941051	8.78
chr1,118628128,118629090	chr1,118461656,118461816	6.33
chr1,118628128,118629090	chr1,118579589,118580403	5.35
chr1,118628128,118629090	chr1,118678629,118679030	5.19
chr1,118628128,118629090	chr1,118692678,118693009	5.4
chr1,118628128,118629090	chr1,118845525,118846536	5.17
chr1,118628128,118629090	chr1,118882063,118883291	9.45
chr1,118628128,118629090	chr1,119192430,119193641	6.97
chr1,118628128,118629090	chr1,119226385,119226719	8.11
chr1,118628128,118629090	chr1,119520642,119521434	9.06
chr1,118628128,118629090	chr1,119873085,119873228	10.02
chr1,118628128,118629090	chr1,119920871,119922603	6.46
chr1,118628128,118629090	chr1,120027239,120028376	6.28
chr1,118628128,118629090	chr1,121216685,121217198	6.51
chr1,118628128,118629090	chr1,121773521,121774046	5.62
chr1,118628128,118629090	chr1,122210974,122211553	15.82
chr1,118628128,118629090	chr1,124712689,124712994	82.19
chr1,118628128,118629090	chr1,136650532,136650931	86.07
chr1,118628128,118629090	chr1,136968436,136969047	50.75
chr1,118628128,118629090	chr1,138137004,138138036	36.42
chr1,118628128,118629090	chr1,142102555,142102695	50.35
chr1,118628128,118629090	chr1,154124740,154124841	95.71
chr1,118628128,118629090	chr1,155185391,155186430	101.01
chr1,118628128,118629090	chr1,157400874,157401042	5.66
chr1,118628128,118629090	chr1,159425637,159426982	9.52
chr1,118628128,118629090	chr1,161285515,161285709	9.5
chr1,118628128,118629090	chr1,162637357,162639079	90.29
chr1,118628128,118629090	chr1,165825040,165825501	9.44
chr1,118628128,118629090	chr1,166120068,166120539	54.58
chr1,118628128,118629090	chr1,169531272,169531530	5.51
chr1,118628128,118629090	chr1,169583037,169583492	49.68
chr1,118628128,118629090	chr1,195023523,195023931	59.39
chr1,118628128,118629090	chr11,58605415,58605953	17.49
chr1,118628128,118629090	chr12,102383261,102384568	5.35
chr1,118628128,118629090	chr12,106140561,106141046	13.3
chr1,118628128,118629090	chr13,16974712,16975032	49.52
chr1,118628128,118629090	chr13,96768244,96769309	13.3
chr1,118628128,118629090	chr14,54924623,54925346	30.7
chr1,118628128,118629090	chr16,10222307,10222571	30.7
chr1,118628128,118629090	chr19,40927931,40928313	17.49
chr1,118628128,118629090	chr3,65270939,65271299	13.3
chr1,118628128,118629090	chr5,99616491,99618019	74.47
chr1,118628128,118629090	chr5,147078502,147079202	5.35
chr1,118628128,118629090	chr7,116944925,116945878	21.79
chr1,118628128,118629090	chr8,15424101,15424205	26.2
chr11,100938874,100939386	chr10,68444370,68445217	21.79
chr11,100938874,100939386	chr10,76297293,76297451	39.96
chr11,100938874,100939386	chr10,77940501,77940785	5.35
chr11,100938874,100939386	chr11,20118351,20119121	9.3
chr11,100938874,100939386	chr11,29636320,29637044	35.36
chr11,100938874,100939386	chr11,72040249,72041882	69.93
chr11,100938874,100939386	chr11,73190305,73190711	106.62
chr11,100938874,100939386	chr11,76182217,76184464	22.53
chr11,100938874,100939386	chr11,86416115,86416952	7.04
chr11,100938874,100939386	chr11,87082646,87083002	7.14
chr11,100938874,100939386	chr11,90668130,90668451	7.75
chr11,100938874,100939386	chr11,98110559,98110769	8.81
chr11,100938874,100939386	chr11,99904992,99906188	7.54
chr11,100938874,100939386	chr11,100101747,100101924	11.99
chr11,100938874,100939386	chr11,100139075,100139668	6.47
chr11,100938874,100939386	chr11,100547799,100548355	7.32
chr11,100938874,100939386	chr11,100648115,100648579	6.31
chr11,100938874,100939386	chr11,100802925,100804016	5.71
chr11,100938874,100939386	chr11,101043938,101044306	5.66
chr11,100938874,100939386	chr11,101044796,101045040	5.05
chr11,100938874,100939386	chr11,101974067,101974811	9.01
chr11,100938874,100939386	chr11,116337666,116338192	6.92
chr11,100938874,100939386	chr11,119021829,119022391	162.61
chr11,100938874,100939386	chr11,121595701,121595859	250.59
chr11,100938874,100939386	chr12,8777974,8778182	9.25
chr11,100938874,100939386	chr12,78230130,78230376	9.25
chr11,100938874,100939386	chr12,87395719,87396329	13.3
chr11,100938874,100939386	chr13,63644347,63645533	79.62
chr11,100938874,100939386	chr14,57428395,57428724	106.03
chr11,100938874,100939386	chr14,100035541,100035893	9.25
chr11,100938874,100939386	chr15,79694262,79694649	26.2
chr11,100938874,100939386	chr15,89167210,89168240	35.29
chr11,100938874,100939386	chr15,98664082,98664623	30.7
chr11,100938874,100939386	chr16,19741576,19741855	26.2
chr11,100938874,100939386	chr16,50891067,50891500	35.29
chr11,100938874,100939386	chr16,97279941,97280141	44.7
chr11,100938874,100939386	chr17,27228930,27229032	5.35
chr11,100938874,100939386	chr18,24504689,24505291	21.79
chr11,100938874,100939386	chr18,35121348,35121692	5.35
chr11,100938874,100939386	chr19,33183004,33183495	95.34
chr11,100938874,100939386	chr19,56452991,56454540	17.49
chr11,100938874,100939386	chr2,25527110,25527297	21.79
chr11,100938874,100939386	chr2,32303813,32304044	5.35
chr11,100938874,100939386	chr2,57873808,57874137	26.2
chr11,100938874,100939386	chr2,170976568,170977246	17.49
chr11,100938874,100939386	chr3,90189513,90189687	95.34
chr11,100938874,100939386	chr3,102567954,102568594	35.29
chr11,100938874,100939386	chr4,34869153,34869849	21.79
chr11,100938874,100939386	chr4,56089724,56090042	35.29
chr11,100938874,100939386	chr4,103284098,103284521	21.79
chr11,100938874,100939386	chr5,64972783,64973111	138.95
chr11,100938874,100939386	chr5,103310993,103313632	17.49
chr11,100938874,100939386	chr6,58498316,58498547	35.29
chr11,100938874,100939386	chr7,16534154,16534849	5.35
chr11,100938874,100939386	chr7,113972020,113972455	5.35
chr11,100938874,100939386	chr8,34043795,34044171	5.35
chr11,100938874,100939386	chr8,80515409,80515542	30.7
chr11,100938874,100939386	chr8,119839262,119839897	21.79
chr11,100938874,100939386	chr9,56654625,56654798	9.25
chr11,100938874,100939386	chr9,59390909,59391374	5.35
chr11,100938874,100939386	chrX,161991467,161991901	111.43
chr12,86419274,86422913	chr1,89294265,89294662	69.37
chr12,86419274,86422913	chr1,100499538,100499934	106.03
chr12,86419274,86422913	chr1,133412673,133413080	39.96
chr12,86419274,86422913	chr1,186768508,186768735	35.29
chr12,86419274,86422913	chr10,66902922,66904431	35.29
chr12,86419274,86422913	chr11,6395073,6395423	5.35
chr12,86419274,86422913	chr11,52601584,52603523	5.35
chr12,86419274,86422913	chr11,59136621,59137196	54.39
chr12,86419274,86422913	chr11,63544834,63545435	274.11
chr12,86419274,86422913	chr11,66507333,66508314	17.49
chr12,86419274,86422913	chr11,70644764,70645086	39.96
chr12,86419274,86422913	chr11,108752598,108753679	30.7
chr12,86419274,86422913	chr12,4158994,4159297	213.91
chr12,86419274,86422913	chr12,5325147,5325375	26.25
chr12,86419274,86422913	chr12,5790365,5791596	5.4
chr12,86419274,86422913	chr12,5835981,5836299	9.3
chr12,86419274,86422913	chr12,9607360,9607867	355.14
chr12,86419274,86422913	chr12,10213963,10214262	54.45
chr12,86419274,86422913	chr12,14918600,14919018	30.77
chr12,86419274,86422913	chr12,18284344,18285710	9.33
chr12,86419274,86422913	chr12,24680704,24680875	9.35
chr12,86419274,86422913	chr12,26237349,26237498	26.3
chr12,86419274,86422913	chr12,28373946,28374603	517.53
chr12,86419274,86422913	chr12,29265734,29267108	133.49
chr12,86419274,86422913	chr12,32050290,32051390	13.44
chr12,86419274,86422913	chr12,44552025,44552488	49.77
chr12,86419274,86422913	chr12,45356458,45358425	64.58
chr12,86419274,86422913	chr12,46820778,46821291	9.54
chr12,86419274,86422913	chr12,50386409,50386566	101
chr12,86419274,86422913	chr12,50466095,50466362	133.7
chr12,86419274,86422913	chr12,54315851,54316346	59.77
chr12,86419274,86422913	chr12,57355693,57355822	22.33
chr12,86419274,86422913	chr12,62217420,62218550	45.46
chr12,86419274,86422913	chr12,64102513,64103860	18.37
chr12,86419274,86422913	chr12,64713370,64713696	60.22
chr12,86419274,86422913	chr12,65121694,65121910	60.24
chr12,86419274,86422913	chr12,67731579,67732664	298.77
chr12,86419274,86422913	chr12,69419941,69420454	41.25
chr12,86419274,86422913	chr12,69644904,69645040	6.74
chr12,86419274,86422913	chr12,70213284,70213742	156.57
chr12,86419274,86422913	chr12,70291228,70292268	26.38
chr12,86419274,86422913	chr12,70547293,70548009	18.65
chr12,86419274,86422913	chr12,70655928,70656790	173.54
chr12,86419274,86422913	chr12,72891778,72893359	376.34
chr12,86419274,86422913	chr12,73549151,73549707	80.9
chr12,86419274,86422913	chr12,75766162,75766305	46.46
chr12,86419274,86422913	chr12,79785030,79785535	6.41
chr12,86419274,86422913	chr12,80526622,80526923	8.82
chr12,86419274,86422913	chr12,80615255,80615454	11.45
chr12,86419274,86422913	chr12,81313395,81313952	10.14
chr12,86419274,86422913	chr12,82666273,82666575	5.03
chr12,86419274,86422913	chr12,82815806,82815987	7.94
chr12,86419274,86422913	chr12,83135866,83136081	26.49
chr12,86419274,86422913	chr12,83242520,83243222	12.37
chr12,86419274,86422913	chr12,84745669,84746055	5.92
chr12,86419274,86422913	chr12,84940221,84941025	5.26
chr12,86419274,86422913	chr12,85156471,85156636	7.88
chr12,86419274,86422913	chr12,85919529,85920489	5.09
chr12,86419274,86422913	chr12,85923584,85924177	5.85
chr12,86419274,86422913	chr12,86010791,86011059	6.77
chr12,86419274,86422913	chr12,86070287,86070653	5.4
chr12,86419274,86422913	chr12,86140667,86142171	7.19
chr12,86419274,86422913	chr12,86173860,86174072	5.85
chr12,86419274,86422913	chr12,86183107,86185592	5.11
chr12,86419274,86422913	chr12,86277340,86277932	5.66
chr12,86419274,86422913	chr12,86297653,86297966	6.57
chr12,86419274,86422913	chr12,86323217,86323376	6.23
chr12,86419274,86422913	chr12,86376530,86376914	5.76
chr12,86419274,86422913	chr12,86459594,86459834	5.32
chr12,86419274,86422913	chr12,86480685,86481415	5.71
chr12,86419274,86422913	chr12,86493950,86494499	5.13
chr12,86419274,86422913	chr12,91018527,91018707	18.12
chr12,86419274,86422913	chr12,91138851,91140175	12.53
chr12,86419274,86422913	chr12,91430075,91430648	23.18
chr12,86419274,86422913	chr12,96441052,96441371	15.53
chr12,86419274,86422913	chr12,98243152,98244035	106.75
chr12,86419274,86422913	chr12,98694619,98695602	7.28
chr12,86419274,86422913	chr12,102986000,102986577	26.33
chr12,86419274,86422913	chr12,103132481,103132922	372.99
chr12,86419274,86422913	chr12,104146163,104146532	75.59
chr12,86419274,86422913	chr12,104238380,104238624	335.77
chr12,86419274,86422913	chr12,104277493,104278776	60.49
chr12,86419274,86422913	chr12,104779674,104780198	80.68
chr12,86419274,86422913	chr12,105983558,105983682	31.78
chr12,86419274,86422913	chr12,106671756,106672098	185.2
chr12,86419274,86422913	chr12,108373145,108374608	96.16
chr12,86419274,86422913	chr12,108468135,108468337	22.66
chr12,86419274,86422913	chr12,108549669,108549917	238.22
chr12,86419274,86422913	chr12,109958881,109959509	10.07
chr12,86419274,86422913	chr12,112487522,112488070	380.75
chr12,86419274,86422913	chr12,113179235,113179494	13.95
chr12,86419274,86422913	chr12,113397252,113397547	18.12
chr12,86419274,86422913	chr12,116896648,116897364	22.29
chr12,86419274,86422913	chr12,117500397,117500982	22.26
chr12,86419274,86422913	chr12,117693402,117693923	9.73
chr12,86419274,86422913	chr12,117985729,117986170	40.42
chr12,86419274,86422913	chr12,118598908,118599110	35.74
chr12,86419274,86422913	chr13,31161190,31161618	90.06
chr12,86419274,86422913	chr13,31273193,31273402	44.7
chr12,86419274,86422913	chr13,51435028,51435290	26.2
chr12,86419274,86422913	chr14,47696375,47696749	13.3
chr12,86419274,86422913	chr14,56201973,56202898	49.52
chr12,86419274,86422913	chr16,71363218,71363716	17.49
chr12,86419274,86422913	chr16,89360959,89362989	13.3
chr12,86419274,86422913	chr16,92099480,92099697	133.38
chr12,86419274,86422913	chr16,93862983,93864064	432.06
chr12,86419274,86422913	chr17,35341341,35341702	35.29
chr12,86419274,86422913	chr17,83774166,83774918	59.33
chr12,86419274,86422913	chr18,26346885,26347132	374.15
chr12,86419274,86422913	chr18,43048546,43048712	21.79
chr12,86419274,86422913	chr19,6144949,6146041	30.7
chr12,86419274,86422913	chr19,17351568,17352315	30.7
chr12,86419274,86422913	chr19,22950017,22950159	26.2
chr12,86419274,86422913	chr19,25910334,25910680	64.33
chr12,86419274,86422913	chr19,28621458,28622444	5.35
chr12,86419274,86422913	chr19,34820307,34821727	35.29
chr12,86419274,86422913	chr2,49579214,49579342	59.33
chr12,86419274,86422913	chr2,78810421,78810582	13.3
chr12,86419274,86422913	chr2,115629222,115629647	517.46
chr12,86419274,86422913	chr2,168803752,168804508	9.25
chr12,86419274,86422913	chr3,28986455,28986926	30.7
chr12,86419274,86422913	chr3,59938870,59939054	122.33
chr12,86419274,86422913	chr3,70188621,70188908	122.33
chr12,86419274,86422913	chr3,129662756,129662870	54.39
chr12,86419274,86422913	chr4,33629865,33630047	5.35
chr12,86419274,86422913	chr4,34024690,34024866	44.7
chr12,86419274,86422913	chr4,75041254,75041687	13.3
chr12,86419274,86422913	chr5,20964091,20965019	21.79
chr12,86419274,86422913	chr5,133777806,133778773	374.15
chr12,86419274,86422913	chr6,28961991,28962544	35.29
chr12,86419274,86422913	chr6,57600146,57600407	39.96
chr12,86419274,86422913	chr7,75701780,75702280	35.29
chr12,86419274,86422913	chr7,117709627,117711559	35.29
chr12,86419274,86422913	chr7,119300134,119300400	9.25
chr12,86419274,86422913	chr7,140853863,140854105	100.66
chr12,86419274,86422913	chr7,144461896,144462182	5.35
chr12,86419274,86422913	chr9,78685669,78686057	64.33
chr12,86419274,86422913	chr9,104443116,104443793	39.96
chr12,86419274,86422913	chr9,123314351,123314880	35.29
chr15,7128930,7130283	chr10,90689001,90689322	5.35
chr15,7128930,7130283	chr11,32742503,32742902	13.3
chr15,7128930,7130283	chr11,83709216,83709439	213.87
chr15,7128930,7130283	chr14,20751352,20751885	5.35
chr15,7128930,7130283	chr14,49043971,49044168	5.35
chr15,7128930,7130283	chr14,121666536,121666807	59.33
chr15,7128930,7130283	chr15,3635057,3635515	8.39
chr15,7128930,7130283	chr15,3686194,3686352	5.96
chr15,7128930,7130283	chr15,3778087,3778683	9.19
chr15,7128930,7130283	chr15,4316467,4318490	5.21
chr15,7128930,7130283	chr15,5447966,5448316	7.42
chr15,7128930,7130283	chr15,6964404,6964547	5.64
chr15,7128930,7130283	chr15,6966442,6966843	5.15
chr15,7128930,7130283	chr15,7006549,7006955	6.5
chr15,7128930,7130283	chr15,7057550,7057758	5.22
chr15,7128930,7130283	chr15,7337662,7337961	5.86
chr15,7128930,7130283	chr15,7352258,7352560	6.19
chr15,7128930,7130283	chr15,7393729,7394125	5.2
chr15,7128930,7130283	chr15,8664230,8664403	7.24
chr15,7128930,7130283	chr15,10136555,10136781	8.37
chr15,7128930,7130283	chr15,12943672,12944479	104.29
chr15,7128930,7130283	chr15,12949342,12950052	5.15
chr15,7128930,7130283	chr15,21604090,21605271	10.95
chr15,7128930,7130283	chr15,23167799,23167995	23.23
chr15,7128930,7130283	chr15,24089746,24089916	305.86
chr15,7128930,7130283	chr15,25174674,25176390	6.62
chr15,7128930,7130283	chr15,31042925,31043669	101.44
chr15,7128930,7130283	chr15,34727788,34728091	13.92
chr15,7128930,7130283	chr15,39196391,39196853	80.07
chr15,7128930,7130283	chr15,40117291,40117963	31.13
chr15,7128930,7130283	chr15,43510492,43511490	5.7
chr15,7128930,7130283	chr15,45275137,45276802	45.02
chr15,7128930,7130283	chr15,57512293,57513057	5.52
chr15,7128930,7130283	chr15,59049368,59049629	9.4
chr15,7128930,7130283	chr15,62799913,62801094	5.48
chr15,7128930,7130283	chr15,68450121,68450319	9.35
chr15,7128930,7130283	chr15,72291196,72291664	13.39
chr15,7128930,7130283	chr15,73625505,73626150	25.67
chr15,7128930,7130283	chr15,94537913,94538438	13.34
chr15,7128930,7130283	chr15,103460775,103461026	26.23
chr15,7128930,7130283	chr17,73202824,73203460	13.3
chr15,7128930,7130283	chr18,9641844,9641946	21.79
chr15,7128930,7130283	chr19,29510460,29510575	5.35
chr15,7128930,7130283	chr19,51395326,51395946	21.79
chr15,7128930,7130283	chr2,37107323,37107556	30.7
chr15,7128930,7130283	chr3,97396990,97397321	13.3
chr15,7128930,7130283	chr3,115094342,115096310	161.53
chr15,7128930,7130283	chr4,27612138,27613032	26.2
chr15,7128930,7130283	chr4,45517193,45517388	9.25
chr15,7128930,7130283	chr6,5556928,5557581	44.7
chr15,7128930,7130283	chr6,8912407,8912779	144.55
chr15,7128930,7130283	chr6,91838753,91839343	39.96
chr15,7128930,7130283	chr7,51729449,51730850	5.35
chr15,7128930,7130283	chr8,109488089,109489250	13.3
chr15,7128930,7130283	chr9,29090770,29091136	13.3
chr15,7128930,7130283	chr9,60167996,60168105	5.35
chr15,7128930,7130283	chr9,96946090,96946352	5.35
chr16,10479663,10480580	chr1,175177318,175177846	54.39
chr16,10479663,10480580	chr10,106680155,106680540	127.84
chr16,10479663,10480580	chr10,125892636,125893380	21.79
chr16,10479663,10480580	chr11,76699813,76700132	39.96
chr16,10479663,10480580	chr12,108407693,108407859	35.29
chr16,10479663,10480580	chr13,6869781,6870834	30.7
chr16,10479663,10480580	chr13,48787908,48788150	5.35
chr16,10479663,10480580	chr13,74911932,74912675	155.84
chr16,10479663,10480580	chr14,18290448,18290723	21.79
chr16,10479663,10480580	chr14,111119524,111119802	35.29
chr16,10479663,10480580	chr15,79739305,79740330	74.47
chr16,10479663,10480580	chr15,88747658,88747834	5.35
chr16,10479663,10480580	chr16,4118969,4119264	22.13
chr16,10479663,10480580	chr16,5201605,5202252	254.71
chr16,10479663,10480580	chr16,7728015,7728873	5.88
chr16,10479663,10480580	chr16,8422293,8422667	5.75
chr16,10479663,10480580	chr16,8765127,8765342	5.06
chr16,10479663,10480580	chr16,10263932,10264456	5.93
chr16,10479663,10480580	chr16,10395580,10395724	5.56
chr16,10479663,10480580	chr16,10428249,10429330	5.59
chr16,10479663,10480580	chr16,10701180,10701894	6.39
chr16,10479663,10480580	chr16,10822384,10822499	7.81
chr16,10479663,10480580	chr16,11626402,11626579	9.41
chr16,10479663,10480580	chr16,12038677,12038796	10.24
chr16,10479663,10480580	chr16,12564137,12564358	19.51
chr16,10479663,10480580	chr16,12656841,12657717	19.5
chr16,10479663,10480580	chr16,13510651,13510805	5.78
chr16,10479663,10480580	chr16,16875863,16876173	364.25
chr16,10479663,10480580	chr16,17015357,17016564	21.15
chr16,10479663,10480580	chr16,17246938,17247684	18.6
chr16,10479663,10480580	chr16,23488762,23489441	14.73
chr16,10479663,10480580	chr16,29582353,29584695	6.51
chr16,10479663,10480580	chr16,33671217,33671702	60.14
chr16,10479663,10480580	chr16,34122002,34123311	80.38
chr16,10479663,10480580	chr16,37033856,37034534	156.4
chr16,10479663,10480580	chr16,38125014,38125270	40.56
chr16,10479663,10480580	chr16,38959916,38960619	5.93
chr16,10479663,10480580	chr16,40331081,40332351	54.91
chr16,10479663,10480580	chr16,58730859,58731636	280.4
chr16,10479663,10480580	chr16,63437309,63437838	64.47
chr16,10479663,10480580	chr16,63504607,63507154	35.44
chr16,10479663,10480580	chr16,76344287,76344561	49.6
chr16,10479663,10480580	chr16,96706986,96707747	9.29
chr16,10479663,10480580	chr17,24953491,24953772	26.2
chr16,10479663,10480580	chr18,21107005,21107995	69.37
chr16,10479663,10480580	chr18,38202688,38203265	5.35
chr16,10479663,10480580	chr2,3247503,3247996	64.33
chr16,10479663,10480580	chr2,90744806,90745487	49.52
chr16,10479663,10480580	chr2,104869712,104870053	17.49
chr16,10479663,10480580	chr2,180611049,180611409	59.33
chr16,10479663,10480580	chr4,108359456,108360517	17.49
chr16,10479663,10480580	chr4,122938668,122938888	13.3
chr16,10479663,10480580	chr5,32392249,32394136	268
chr16,10479663,10480580	chr5,43813987,43814743	231.73
chr16,10479663,10480580	chr5,105529115,105529654	74.47
chr16,10479663,10480580	chr6,17589238,17590886	64.33
chr16,10479663,10480580	chr7,88180997,88181458	39.96
chr16,10479663,10480580	chr9,10074161,10074910	21.79
chr16,10479663,10480580	chrX,97084070,97084245	30.7
chr16,10479663,10480580	chrX,112689084,112690469	30.7
chr16,10486858,10489086	chr1,6881326,6881769	49.52
chr16,10486858,10489086	chr1,9515621,9515809	26.2
chr16,10486858,10489086	chr1,60659736,60659856	202.07
chr16,10486858,10489086	chr1,74081876,74082384	207.96
chr16,10486858,10489086	chr1,126556590,126556705	44.7
chr16,10486858,10489086	chr1,135690745,135691174	399.76
chr16,10486858,10489086	chr1,155865549,155866119	17.49
chr16,10486858,10489086	chr1,157069712,157069902	30.7
chr16,10486858,10489086	chr10,25188807,25189506	367.78
chr16,10486858,10489086	chr10,44902089,44903382	49.52
chr16,10486858,10489086	chr11,61913762,61915574	30.7
chr16,10486858,10489086	chr11,64513855,64514610	5.35
chr16,10486858,10489086	chr11,79688329,79688896	26.2
chr16,10486858,10489086	chr11,96016447,96016596	406.19
chr16,10486858,10489086	chr12,107824223,107824608	13.3
chr16,10486858,10489086	chr13,79075322,79075679	26.2
chr16,10486858,10489086	chr13,92115432,92115809	90.06
chr16,10486858,10489086	chr14,32189503,32189861	39.96
chr16,10486858,10489086	chr14,70087799,70088374	84.82
chr16,10486858,10489086	chr15,15308337,15309103	21.79
chr16,10486858,10489086	chr15,82394240,82394657	39.96
chr16,10486858,10489086	chr16,4108305,4108793	173
chr16,10486858,10489086	chr16,5701943,5702139	7.02
chr16,10486858,10489086	chr16,6206959,6207291	10.74
chr16,10486858,10489086	chr16,7793668,7793956	21.97
chr16,10486858,10489086	chr16,8468858,8469293	9.22
chr16,10486858,10489086	chr16,9243263,9244480	5.67
chr16,10486858,10489086	chr16,9934235,9934640	5.3
chr16,10486858,10489086	chr16,10002268,10002446	7.12
chr16,10486858,10489086	chr16,10109617,10109960	6.98
chr16,10486858,10489086	chr16,10277251,10277432	5.41
chr16,10486858,10489086	chr16,10290924,10291212	5.47
chr16,10486858,10489086	chr16,10455059,10455320	5.27
chr16,10486858,10489086	chr16,10562667,10563005	5.2
chr16,10486858,10489086	chr16,11103492,11104117	7.49
chr16,10486858,10489086	chr16,13264938,13265399	7.62
chr16,10486858,10489086	chr16,13634576,13634769	9.32
chr16,10486858,10489086	chr16,14129973,14130196	7.41
chr16,10486858,10489086	chr16,15065287,15066282	30.09
chr16,10486858,10489086	chr16,15119076,15119181	5.56
chr16,10486858,10489086	chr16,15428232,15428589	131.87
chr16,10486858,10489086	chr16,15787956,15788150	27.77
chr16,10486858,10489086	chr16,16946307,16946981	17.38
chr16,10486858,10489086	chr16,17248803,17248955	9.16
chr16,10486858,10489086	chr16,18373193,18373343	16.41
chr16,10486858,10489086	chr16,18889306,18889870	28.05
chr16,10486858,10489086	chr16,20685198,20686020	24.55
chr16,10486858,10489086	chr16,22478928,22479458	145.22
chr16,10486858,10489086	chr16,23435272,23435605	18.64
chr16,10486858,10489086	chr16,24170277,24170514	56.01
chr16,10486858,10489086	chr16,25036084,25036247	7.02
chr16,10486858,10489086	chr16,29118667,29119348	117.88
chr16,10486858,10489086	chr16,30621912,30622324	14.36
chr16,10486858,10489086	chr16,32279900,32280179	18.41
chr16,10486858,10489086	chr16,33301085,33302863	50.36
chr16,10486858,10489086	chr16,35242902,35243413	18.24
chr16,10486858,10489086	chr16,38398206,38398413	226.25
chr16,10486858,10489086	chr16,40261779,40262435	652.39
chr16,10486858,10489086	chr16,45733051,45733246	64.69
chr16,10486858,10489086	chr16,49774801,49775336	250.03
chr16,10486858,10489086	chr16,52044247,52044679	49.77
chr16,10486858,10489086	chr16,52386999,52387747	35.54
chr16,10486858,10489086	chr16,57438850,57439139	342.62
chr16,10486858,10489086	chr16,57738485,57739086	44.89
chr16,10486858,10489086	chr16,78034754,78034861	21.86
chr16,10486858,10489086	chr16,90336966,90337126	79.68
chr16,10486858,10489086	chr16,94167297,94168029	30.75
chr16,10486858,10489086	chr16,97823348,97826260	69.42
chr16,10486858,10489086	chr16,97923769,97924196	30.74
chr16,10486858,10489086	chr17,7592138,7592754	35.29
chr16,10486858,10489086	chr17,76037103,76037274	5.35
chr16,10486858,10489086	chr17,89350237,89350798	79.62
chr16,10486858,10489086	chr18,7657574,7658609	59.33
chr16,10486858,10489086	chr18,10310343,10310693	13.3
chr16,10486858,10489086	chr18,53380341,53380512	49.52
chr16,10486858,10489086	chr19,41932516,41932914	44.7
chr16,10486858,10489086	chr3,84634029,84635625	84.82
chr16,10486858,10489086	chr3,111865706,111866536	21.79
chr16,10486858,10489086	chr4,14928659,14928864	13.3
chr16,10486858,10489086	chr4,136326243,136326872	35.29
chr16,10486858,10489086	chr4,150304871,150305036	39.96
chr16,10486858,10489086	chr5,29017233,29017935	17.49
chr16,10486858,10489086	chr5,118802381,118802882	5.35
chr16,10486858,10489086	chr5,122135818,122136533	26.2
chr16,10486858,10489086	chr5,146829470,146829876	13.3
chr16,10486858,10489086	chr6,17519263,17519608	100.66
chr16,10486858,10489086	chr6,108191115,108191407	21.79
chr16,10486858,10489086	chr6,111718374,111718752	21.79
chr16,10486858,10489086	chr6,112384742,112384911	44.7
chr16,10486858,10489086	chr6,120158334,120158442	64.33
chr16,10486858,10489086	chr7,5935773,5936195	5.35
chr16,10486858,10489086	chr7,20063809,20064301	21.79
chr16,10486858,10489086	chr7,30775666,30775779	13.3
chr16,10486858,10489086	chr7,44346628,44347008	30.7
chr16,10486858,10489086	chr7,49445630,49446342	5.35
chr16,10486858,10489086	chr7,65765736,65765995	9.25
chr16,10486858,10489086	chr8,35953119,35953275	348.77
chr16,10486858,10489086	chr8,84076006,84076253	5.35
chr16,10486858,10489086	chr9,15097085,15097310	13.3
chr16,10486858,10489086	chr9,22392388,22393243	17.49
chr16,10486858,10489086	chr9,44492939,44493309	44.7
chr16,10486858,10489086	chr9,46349410,46351172	39.96
chr16,10486858,10489086	chrX,113609715,113609919	133.38
chr16,10486858,10489086	chrX,157645484,157646037	5.35
chr16,10489551,10489878	chr1,5023532,5024130	30.7
chr16,10489551,10489878	chr1,13134287,13135176	59.33
chr16,10489551,10489878	chr1,36474736,36475069	44.7
chr16,10489551,10489878	chr1,159594318,159594585	17.49
chr16,10489551,10489878	chr10,8778440,8779206	69.37
chr16,10489551,10489878	chr10,38721627,38721834	59.33
chr16,10489551,10489878	chr10,72456022,72456327	54.39
chr16,10489551,10489878	chr11,55397678,55398563	5.35
chr16,10489551,10489878	chr11,72525165,72526321	26.2
chr16,10489551,10489878	chr12,3705302,3706143	74.47
chr16,10489551,10489878	chr13,91093811,91093983	90.06
chr16,10489551,10489878	chr14,60197488,60197853	13.3
chr16,10489551,10489878	chr15,6484822,6485152	69.37
chr16,10489551,10489878	chr15,9529364,9529601	84.82
chr16,10489551,10489878	chr15,40722827,40723321	5.35
chr16,10489551,10489878	chr15,57888684,57890053	133.38
chr16,10489551,10489878	chr15,101970919,101971860	425.57
chr16,10489551,10489878	chr16,3963007,3964322	12.32
chr16,10489551,10489878	chr16,4600613,4600744	204.72
chr16,10489551,10489878	chr16,4632864,4632998	9.72
chr16,10489551,10489878	chr16,4821327,4821537	12.41
chr16,10489551,10489878	chr16,8522630,8523022	9.17
chr16,10489551,10489878	chr16,8534857,8535710	10.03
chr16,10489551,10489878	chr16,8672163,8672830	12.17
chr16,10489551,10489878	chr16,9762223,9762877	11.57
chr16,10489551,10489878	chr16,10215967,10216257	5.52
chr16,10489551,10489878	chr16,10240606,10241086	7.32
chr16,10489551,10489878	chr16,10271453,10271595	5.48
chr16,10489551,10489878	chr16,10368481,10369220	5.05
chr16,10489551,10489878	chr16,10536791,10537036	5.66
chr16,10489551,10489878	chr16,10550139,10550408	5.57
chr16,10489551,10489878	chr16,10652517,10652975	7.23
chr16,10489551,10489878	chr16,10775730,10776310	7.48
chr16,10489551,10489878	chr16,10792957,10793332	7.68
chr16,10489551,10489878	chr16,10944565,10944698	5.72
chr16,10489551,10489878	chr16,11248096,11248197	5.43
chr16,10489551,10489878	chr16,11647385,11648564	5.6
chr16,10489551,10489878	chr16,12037243,12037901	8.73
chr16,10489551,10489878	chr16,13366917,13367076	8.39
chr16,10489551,10489878	chr16,14200142,14201335	214.82
chr16,10489551,10489878	chr16,14319895,14321494	14.83
chr16,10489551,10489878	chr16,18196470,18196858	171.18
chr16,10489551,10489878	chr16,18673087,18674047	12.49
chr16,10489551,10489878	chr16,21928565,21929067	424.39
chr16,10489551,10489878	chr16,22398371,22398767	117.87
chr16,10489551,10489878	chr16,24038721,24039049	91.44
chr16,10489551,10489878	chr16,26794840,26795175	70.68
chr16,10489551,10489878	chr16,29778748,29779851	168.09
chr16,10489551,10489878	chr16,29943598,29944052	10.37
chr16,10489551,10489878	chr16,37408347,37409289	133.96
chr16,10489551,10489878	chr16,37677047,37677335	31.33
chr16,10489551,10489878	chr16,38644563,38645164	693.44
chr16,10489551,10489878	chr16,41445260,41445514	31.19
chr16,10489551,10489878	chr16,42912221,42912783	184.94
chr16,10489551,10489878	chr16,43315215,43316347	49.94
chr16,10489551,10489878	chr16,43654757,43655383	95.75
chr16,10489551,10489878	chr16,44523345,44523875	101.05
chr16,10489551,10489878	chr16,47083571,47083987	5.7
chr16,10489551,10489878	chr16,57304833,57305228	59.52
chr16,10489551,10489878	chr16,60616685,60617350	40.13
chr16,10489551,10489878	chr16,90370744,90371705	122.39
chr16,10489551,10489878	chr16,95799932,95800449	9.3
chr16,10489551,10489878	chr16,97462428,97462627	111.47
chr16,10489551,10489878	chr18,7920582,7920701	64.33
chr16,10489551,10489878	chr18,36265162,36265566	111.43
chr16,10489551,10489878	chr18,39088873,39089802	59.33
chr16,10489551,10489878	chr19,5486514,5486805	9.25
chr16,10489551,10489878	chr19,7520598,7520898	9.25
chr16,10489551,10489878	chr19,29775397,29775647	17.49
chr16,10489551,10489878	chr19,36445568,36449780	26.2
chr16,10489551,10489878	chr2,126519755,126520551	9.25
chr16,10489551,10489878	chr2,156286940,156287423	9.25
chr16,10489551,10489878	chr4,46148287,46148704	268
chr16,10489551,10489878	chr4,50138503,50138909	412.64
chr16,10489551,10489878	chr4,110982051,110982231	64.33
chr16,10489551,10489878	chr4,150207750,150208994	13.3
chr16,10489551,10489878	chr4,153818228,153819085	5.35
chr16,10489551,10489878	chr5,28662276,28662564	69.37
chr16,10489551,10489878	chr5,81724097,81724444	59.33
chr16,10489551,10489878	chr6,6474226,6475044	361.43
chr16,10489551,10489878	chr6,19975209,19975769	5.35
chr16,10489551,10489878	chr6,25766565,25767470	106.03
chr16,10489551,10489878	chr6,34320141,34320371	90.06
chr16,10489551,10489878	chr6,48751875,48752055	59.33
chr16,10489551,10489878	chr6,137500947,137501234	213.87
chr16,10489551,10489878	chr7,19463948,19464085	13.3
chr16,10489551,10489878	chr7,21130767,21131076	17.49
chr16,10489551,10489878	chr7,28050681,28051232	59.33
chr16,10489551,10489878	chr7,82311962,82312369	13.3
chr16,10489551,10489878	chr7,138407688,138407963	26.2
chr16,10489551,10489878	chr8,57432428,57432857	5.35
chr16,10489551,10489878	chr8,86600627,86601052	9.25
chr16,10489551,10489878	chr9,30401920,30402440	9.25
chr16,10489551,10489878	chr9,33470320,33470566	577.66
chr16,10489551,10489878	chr9,35533810,35534256	21.79
chr16,10489551,10489878	chr9,37567024,37567668	90.06
chr16,10489551,10489878	chr9,47283108,47283782	30.7
chr16,10489551,10489878	chr9,79238635,79238843	49.52
chr16,10489551,10489878	chrX,17376805,17377295	9.25
chr16,10489551,10489878	chrX,50765194,50765750	30.7
chr2,168766420,168767218	chr1,17617843,17618029	133.38
chr2,168766420,168767218	chr1,89799350,89799586	30.7
chr2,168766420,168767218	chr1,173861276,173861674	5.35
chr2,168766420,168767218	chr10,108428076,108428416	144.55
chr2,168766420,168767218	chr10,117135462,117137576	17.49
chr2,168766420,168767218	chr11,108665777,108666100	17.49
chr2,168766420,168767218	chr13,43920875,43921055	355.09
chr2,168766420,168767218	chr13,49567265,49568041	5.35
chr2,168766420,168767218	chr13,87917172,87918194	69.37
chr2,168766420,168767218	chr13,96095277,96097164	17.49
chr2,168766420,168767218	chr13,104296319,104297292	35.29
chr2,168766420,168767218	chr13,115129602,115129853	49.52
chr2,168766420,168767218	chr15,10567313,10567721	35.29
chr2,168766420,168767218	chr15,67942875,67944895	21.79
chr2,168766420,168767218	chr18,56482500,56482619	5.35
chr2,168766420,168767218	chr18,58840246,58840828	13.3
chr2,168766420,168767218	chr18,88958623,88959672	9.25
chr2,168766420,168767218	chr2,6599671,6600562	21.8
chr2,168766420,168767218	chr2,14718846,14719125	39.97
chr2,168766420,168767218	chr2,52437270,52437519	30.72
chr2,168766420,168767218	chr2,68277714,68278175	35.32
chr2,168766420,168767218	chr2,80030250,80030667	21.84
chr2,168766420,168767218	chr2,89511520,89512615	5.41
chr2,168766420,168767218	chr2,98237509,98237970	5.42
chr2,168766420,168767218	chr2,107853504,107854023	13.41
chr2,168766420,168767218	chr2,108070802,108072140	59.44
chr2,168766420,168767218	chr2,109963950,109964346	13.42
chr2,168766420,168767218	chr2,112670625,112671350	35.42
chr2,168766420,168767218	chr2,114147519,114148316	64.46
chr2,168766420,168767218	chr2,117772098,117773411	17.65
chr2,168766420,168767218	chr2,126550025,126550203	79.87
chr2,168766420,168767218	chr2,126645719,126647017	26.45
chr2,168766420,168767218	chr2,126655958,126656846	17.74
chr2,168766420,168767218	chr2,127428293,127428399	74.74
chr2,168766420,168767218	chr2,127846289,127847080	22.04
chr2,168766420,168767218	chr2,128205483,128206053	9.53
chr2,168766420,168767218	chr2,141613600,141614672	90.69
chr2,168766420,168767218	chr2,145312138,145312841	55.22
chr2,168766420,168767218	chr2,146252405,146253137	50.4
chr2,168766420,168767218	chr2,146793750,146794303	6.29
chr2,168766420,168767218	chr2,150135529,150136135	10.46
chr2,168766420,168767218	chr2,150362965,150363550	6.59
chr2,168766420,168767218	chr2,150988219,150988640	14.6
chr2,168766420,168767218	chr2,153406864,153408946	10.83
chr2,168766420,168767218	chr2,153908514,153908890	27.83
chr2,168766420,168767218	chr2,154001321,154002045	46.33
chr2,168766420,168767218	chr2,155788498,155788663	23.62
chr2,168766420,168767218	chr2,158751888,158752529	214.86
chr2,168766420,168767218	chr2,159316158,159316827	15.66
chr2,168766420,168767218	chr2,160416321,160416733	66.77
chr2,168766420,168767218	chr2,160704350,160704583	47.39
chr2,168766420,168767218	chr2,161673399,161673966	102.15
chr2,168766420,168767218	chr2,163103942,163105564	19.02
chr2,168766420,168767218	chr2,164012424,164013746	7.8
chr2,168766420,168767218	chr2,164030692,164031217	7.78
chr2,168766420,168767218	chr2,164420573,164421095	183.63
chr2,168766420,168767218	chr2,164772554,164773072	14.39
chr2,168766420,168767218	chr2,165055694,165055851	12.19
chr2,168766420,168767218	chr2,166887451,166887661	5.71
chr2,168766420,168767218	chr2,167693517,167694856	6.54
chr2,168766420,168767218	chr2,168337555,168338285	5.25
chr2,168766420,168767218	chr2,168374060,168374372	5.24
chr2,168766420,168767218	chr2,168455253,168455989	6.47
chr2,168766420,168767218	chr2,168480542,168480945	5.73
chr2,168766420,168767218	chr2,168649739,168650204	6.24
chr2,168766420,168767218	chr2,168873709,168874002	7.37
chr2,168766420,168767218	chr2,168912012,168912665	5.1
chr2,168766420,168767218	chr2,169532480,169532827	5.48
chr2,168766420,168767218	chr2,170138168,170138683	5.57
chr2,168766420,168767218	chr2,170929378,170930056	5.57
chr2,168766420,168767218	chr2,171115613,171116251	8.17
chr2,168766420,168767218	chr2,171341213,171341548	7.14
chr2,168766420,168767218	chr2,172429033,172429507	9.44
chr2,168766420,168767218	chr2,172897288,172898255	11.86
chr2,168766420,168767218	chr2,174555291,174555638	5.26
chr2,168766420,168767218	chr2,174864713,174865287	15.76
chr2,168766420,168767218	chr2,178093409,178094113	19.33
chr2,168766420,168767218	chr2,179787845,179788381	19.58
chr2,168766420,168767218	chr2,179803297,179803653	7.64
chr2,168766420,168767218	chr2,179978300,179978937	46.87
chr2,168766420,168767218	chr2,180124935,180125204	19.56
chr2,168766420,168767218	chr2,180756337,180756565	19.5
chr2,168766420,168767218	chr2,181447289,181447888	299.7
chr2,168766420,168767218	chr3,83855191,83855335	17.49
chr2,168766420,168767218	chr3,137027944,137029120	9.25
chr2,168766420,168767218	chr4,134498630,134499977	30.7
chr2,168766420,168767218	chr4,149074505,149075057	5.35
chr2,168766420,168767218	chr5,81660855,81661423	64.33
chr2,168766420,168767218	chr5,133786676,133787349	30.7
chr2,168766420,168767218	chr5,136239630,136240104	150.18
chr2,168766420,168767218	chr5,146134850,146136240	26.2
chr2,168766420,168767218	chr6,143292605,143292909	178.75
chr2,168766420,168767218	chr7,12734753,12734951	13.3
chr2,168766420,168767218	chr7,118874079,118874278	13.3
chr2,168766420,168767218	chr7,125517015,125517688	150.18
chr2,168766420,168767218	chr7,131281187,131281524	30.7
chr2,168766420,168767218	chr7,140398725,140400083	5.35
chr2,168766420,168767218	chr8,24651465,24651913	231.73
chr2,168766420,168767218	chrX,22282603,22282859	17.49
chr3,34648729,34650279	chr1,190451410,190451521	17.49
chr3,34648729,34650279	chr11,24764830,24765997	30.7
chr3,34648729,34650279	chr11,82060541,82061057	5.35
chr3,34648729,34650279	chr11,112280379,112280723	5.35
chr3,34648729,34650279	chr11,116579428,116579654	30.7
chr3,34648729,34650279	chr15,40786479,40786642	21.79
chr3,34648729,34650279	chr15,91577034,91577188	13.3
chr3,34648729,34650279	chr16,29586302,29586551	21.79
chr3,34648729,34650279	chr16,50103808,50104151	21.79
chr3,34648729,34650279	chr16,87796576,87796970	5.35
chr3,34648729,34650279	chr17,73154162,73154599	9.25
chr3,34648729,34650279	chr18,23168017,23168299	5.35
chr3,34648729,34650279	chr19,58926349,58926734	44.7
chr3,34648729,34650279	chr2,41013991,41014290	9.25
chr3,34648729,34650279	chr3,5852694,5853143	31.27
chr3,34648729,34650279	chr3,13916435,13917234	18.51
chr3,34648729,34650279	chr3,17150315,17151674	32.01
chr3,34648729,34650279	chr3,26164866,26165101	37.95
chr3,34648729,34650279	chr3,26581785,26581909	11.78
chr3,34648729,34650279	chr3,27701623,27703470	11.42
chr3,34648729,34650279	chr3,29790791,29793045	9.4
chr3,34648729,34650279	chr3,30518265,30519323	11.24
chr3,34648729,34650279	chr3,31387087,31387338	7.03
chr3,34648729,34650279	chr3,31408104,31408842	11.26
chr3,34648729,34650279	chr3,31413891,31414648	8.07
chr3,34648729,34650279	chr3,31721488,31721692	171
chr3,34648729,34650279	chr3,31816863,31816990	5.37
chr3,34648729,34650279	chr3,31860171,31861783	25.28
chr3,34648729,34650279	chr3,32355700,32356177	6.17
chr3,34648729,34650279	chr3,32583559,32583901	9.7
chr3,34648729,34650279	chr3,32708055,32708188	5.51
chr3,34648729,34650279	chr3,33409346,33409668	12.38
chr3,34648729,34650279	chr3,33867777,33868021	9.56
chr3,34648729,34650279	chr3,34002467,34002833	5.51
chr3,34648729,34650279	chr3,34149403,34150258	10.6
chr3,34648729,34650279	chr3,34230999,34231417	5.33
chr3,34648729,34650279	chr3,34399951,34400421	5.07
chr3,34648729,34650279	chr3,34575815,34576880	6.52
chr3,34648729,34650279	chr3,34914182,34914408	8.17
chr3,34648729,34650279	chr3,34955916,34956693	8.23
chr3,34648729,34650279	chr3,35107779,35107976	8.01
chr3,34648729,34650279	chr3,35486417,35486697	5.82
chr3,34648729,34650279	chr3,35720433,35720633	5.59
chr3,34648729,34650279	chr3,36432892,36433094	5.72
chr3,34648729,34650279	chr3,36649448,36649866	17.81
chr3,34648729,34650279	chr3,38674447,38674666	12.36
chr3,34648729,34650279	chr3,39483337,39483654	95.93
chr3,34648729,34650279	chr3,39502082,39503442	14.44
chr3,34648729,34650279	chr3,40421997,40422459	10.47
chr3,34648729,34650279	chr3,41603793,41603979	61.58
chr3,34648729,34650279	chr3,54735112,54735901	18.56
chr3,34648729,34650279	chr3,58471187,58471708	208.7
chr3,34648729,34650279	chr3,58480580,58481269	22.6
chr3,34648729,34650279	chr3,59278309,59279232	26.96
chr3,34648729,34650279	chr3,61292681,61293589	22.44
chr3,34648729,34650279	chr3,70307686,70308380	274.45
chr3,34648729,34650279	chr3,78271297,78271420	35.52
chr3,34648729,34650279	chr3,87495814,87496633	9.4
chr3,34648729,34650279	chr3,89658306,89658466	13.44
chr3,34648729,34650279	chr3,91207596,91207837	17.61
chr3,34648729,34650279	chr3,109420882,109421020	35.35
chr3,34648729,34650279	chr3,118020031,118020246	30.75
chr3,34648729,34650279	chr3,136320850,136320999	5.38
chr3,34648729,34650279	chr3,139866564,139867320	17.51
chr3,34648729,34650279	chr3,157608576,157609056	5.37
chr3,34648729,34650279	chr4,44976055,44976619	5.35
chr3,34648729,34650279	chr4,123579390,123579604	26.2
chr3,34648729,34650279	chr5,36766049,36766256	249.78
chr3,34648729,34650279	chr5,40119346,40119457	13.3
chr3,34648729,34650279	chr5,62557983,62559824	13.3
chr3,34648729,34650279	chr6,13774798,13775124	49.52
chr3,34648729,34650279	chr6,130950561,130950791	26.2
chr3,34648729,34650279	chr7,105520891,105521256	13.3
chr3,34648729,34650279	chr7,139254927,139255133	30.7
chr4,55531324,55531996	chr1,9887852,9888696	5.35
chr4,55531324,55531996	chr1,49709252,49710250	133.38
chr4,55531324,55531996	chr1,64258115,64258772	5.35
chr4,55531324,55531996	chr10,84843893,84844462	9.25
chr4,55531324,55531996	chr10,119135942,119136424	5.35
chr4,55531324,55531996	chr11,61510952,61511633	49.52
chr4,55531324,55531996	chr12,21347648,21348047	17.49
chr4,55531324,55531996	chr13,110037798,110038445	17.49
chr4,55531324,55531996	chr14,21741867,21742364	30.7
chr4,55531324,55531996	chr16,33180007,33180151	17.49
chr4,55531324,55531996	chr3,24430904,24431689	13.3
chr4,55531324,55531996	chr4,6866639,6867650	17.67
chr4,55531324,55531996	chr4,26286025,26286155	13.85
chr4,55531324,55531996	chr4,33217329,33217756	45.6
chr4,55531324,55531996	chr4,33521879,33522042	31.63
chr4,55531324,55531996	chr4,34872628,34873019	18.52
chr4,55531324,55531996	chr4,35335998,35336177	6.42
chr4,55531324,55531996	chr4,36397862,36400061	14.46
chr4,55531324,55531996	chr4,36707593,36710358	10.44
chr4,55531324,55531996	chr4,44102851,44103148	7.56
chr4,55531324,55531996	chr4,45841959,45842849	42.39
chr4,55531324,55531996	chr4,46522623,46523354	42.51
chr4,55531324,55531996	chr4,47904684,47904874	166.9
chr4,55531324,55531996	chr4,51458105,51458294	16.8
chr4,55531324,55531996	chr4,52534231,52536130	5.65
chr4,55531324,55531996	chr4,55393602,55394037	5.48
chr4,55531324,55531996	chr4,55437519,55438015	5.42
chr4,55531324,55531996	chr4,55439989,55440154	5.19
chr4,55531324,55531996	chr4,55483392,55483509	5.18
chr4,55531324,55531996	chr4,55641729,55641832	6.83
chr4,55531324,55531996	chr4,55653435,55653611	5.05
chr4,55531324,55531996	chr4,55664521,55664891	7.48
chr4,55531324,55531996	chr4,55715437,55716820	6.81
chr4,55531324,55531996	chr4,55735208,55736189	6.95
chr4,55531324,55531996	chr4,55817839,55818112	5.12
chr4,55531324,55531996	chr4,55819401,55819753	5.21
chr4,55531324,55531996	chr4,55859837,55860069	5.04
chr4,55531324,55531996	chr4,55885107,55885558	5.15
chr4,55531324,55531996	chr4,56293177,56293454	7.03
chr4,55531324,55531996	chr4,57345401,57345665	6.37
chr4,55531324,55531996	chr4,57530350,57531281	7.41
chr4,55531324,55531996	chr4,74353365,74353505	14.49
chr4,55531324,55531996	chr4,82393111,82393714	22.44
chr4,55531324,55531996	chr4,83263782,83265176	268.56
chr4,55531324,55531996	chr4,88232219,88232503	13.74
chr4,55531324,55531996	chr4,100752287,100752804	26.41
chr4,55531324,55531996	chr4,106367608,106369319	106.19
chr4,55531324,55531996	chr4,106372732,106373233	64.49
chr4,55531324,55531996	chr4,108873374,108873772	49.66
chr4,55531324,55531996	chr4,114580512,114580886	30.81
chr4,55531324,55531996	chr4,115011622,115012043	249.88
chr4,55531324,55531996	chr4,116711960,116712453	122.44
chr4,55531324,55531996	chr4,118015002,118015165	100.76
chr4,55531324,55531996	chr4,119339240,119339396	9.34
chr4,55531324,55531996	chr4,121590779,121591700	5.44
chr4,55531324,55531996	chr4,125628909,125629437	13.38
chr4,55531324,55531996	chr4,126982330,126982490	9.32
chr4,55531324,55531996	chr4,129478154,129478304	9.31
chr4,55531324,55531996	chr4,138912751,138913700	59.38
chr4,55531324,55531996	chr4,141792457,141792639	9.29
chr4,55531324,55531996	chr4,143245540,143246585	17.53
chr4,55531324,55531996	chr4,149222351,149222645	5.39
chr4,55531324,55531996	chr6,61327343,61328436	35.29
chr4,55531324,55531996	chr6,137130258,137130720	122.33
chr4,55531324,55531996	chr8,42124618,42125888	30.7
chr4,55531324,55531996	chr9,85342622,85343256	21.79
chr4,55531324,55531996	chrX,36676395,36676655	79.62
chr4,55531324,55531996	chrX,95049522,95049666	13.3
chr6,122339268,122340303	chr1,64302776,64304221	39.96
chr6,122339268,122340303	chr10,52248108,52248559	9.25
chr6,122339268,122340303	chr10,76883153,76884034	13.3
chr6,122339268,122340303	chr10,94012566,94012827	26.2
chr6,122339268,122340303	chr10,102385677,102386636	26.2
chr6,122339268,122340303	chr10,119150970,119151557	17.49
chr6,122339268,122340303	chr10,120244780,120245162	17.49
chr6,122339268,122340303	chr11,54168033,54169151	21.79
chr6,122339268,122340303	chr11,88278494,88279134	5.35
chr6,122339268,122340303	chr11,106433449,106433572	95.34
chr6,122339268,122340303	chr12,78316897,78318013	5.35
chr6,122339268,122340303	chr12,104008362,104008604	5.35
chr6,122339268,122340303	chr12,112653174,112653397	106.03
chr6,122339268,122340303	chr13,96292866,96292995	9.25
chr6,122339268,122340303	chr14,26787389,26787581	13.3
chr6,122339268,122340303	chr15,57089691,57089807	35.29
chr6,122339268,122340303	chr15,61528673,61529232	9.25
chr6,122339268,122340303	chr15,86512807,86513315	64.33
chr6,122339268,122340303	chr15,90213852,90214321	9.25
chr6,122339268,122340303	chr15,100921440,100921773	5.35
chr6,122339268,122340303	chr16,14350402,14351049	30.7
chr6,122339268,122340303	chr16,90526028,90526402	13.3
chr6,122339268,122340303	chr16,91040776,91041341	5.35
chr6,122339268,122340303	chr17,17539704,17540110	9.25
chr6,122339268,122340303	chr17,67290243,67290634	39.96
chr6,122339268,122340303	chr17,87086760,87086983	5.35
chr6,122339268,122340303	chr18,12175658,12175993	155.84
chr6,122339268,122340303	chr18,51911866,51914845	84.82
chr6,122339268,122340303	chr19,50318081,50318425	39.96
chr6,122339268,122340303	chr2,103139272,103139802	13.3
chr6,122339268,122340303	chr2,118851050,118851678	9.25
chr6,122339268,122340303	chr2,125036393,125036981	5.35
chr6,122339268,122340303	chr2,156716913,156718210	9.25
chr6,122339268,122340303	chr3,38234129,38234538	13.3
chr6,122339268,122340303	chr3,94473886,94474040	9.25
chr6,122339268,122340303	chr3,121102540,121103242	5.35
chr6,122339268,122340303	chr3,153603177,153603686	13.3
chr6,122339268,122340303	chr4,86812688,86812814	138.95
chr6,122339268,122340303	chr5,101645741,101645941	35.29
chr6,122339268,122340303	chr5,118415537,118416426	13.3
chr6,122339268,122340303	chr6,3477099,3477435	219.82
chr6,122339268,122340303	chr6,17303606,17303871	49.54
chr6,122339268,122340303	chr6,40247671,40248306	40.01
chr6,122339268,122340303	chr6,41075062,41076165	17.54
chr6,122339268,122340303	chr6,41180506,41181809	64.38
chr6,122339268,122340303	chr6,42895287,42895530	5.41
chr6,122339268,122340303	chr6,56876952,56877608	5.44
chr6,122339268,122340303	chr6,61247372,61247862	30.8
chr6,122339268,122340303	chr6,65470177,65470590	5.48
chr6,122339268,122340303	chr6,65970410,65970835	54.52
chr6,122339268,122340303	chr6,68706440,68706757	5.49
chr6,122339268,122340303	chr6,82640560,82640969	30.99
chr6,122339268,122340303	chr6,85904764,85904982	5.7
chr6,122339268,122340303	chr6,89431535,89431679	22.22
chr6,122339268,122340303	chr6,93890543,93891140	9.83
chr6,122339268,122340303	chr6,93896205,93896608	214.43
chr6,122339268,122340303	chr6,94794560,94794937	5.97
chr6,122339268,122340303	chr6,95713928,95714369	6.02
chr6,122339268,122340303	chr6,99214602,99214865	232.53
chr6,122339268,122340303	chr6,100875627,100878179	14.27
chr6,122339268,122340303	chr6,101093989,101094227	101.63
chr6,122339268,122340303	chr6,102455736,102456722	45.79
chr6,122339268,122340303	chr6,103156704,103157502	14.46
chr6,122339268,122340303	chr6,106491285,106493196	129.28
chr6,122339268,122340303	chr6,106758027,106758819	6.91
chr6,122339268,122340303	chr6,107033726,107034396	134.87
chr6,122339268,122340303	chr6,108814983,108815234	19.32
chr6,122339268,122340303	chr6,110554310,110554543	27.75
chr6,122339268,122340303	chr6,112980153,112981544	8.02
chr6,122339268,122340303	chr6,113327962,113328407	15.87
chr6,122339268,122340303	chr6,116234500,116234833	11.85
chr6,122339268,122340303	chr6,117706617,117708303	8.27
chr6,122339268,122340303	chr6,118603726,118603921	7.43
chr6,122339268,122340303	chr6,119079609,119079752	8.21
chr6,122339268,122340303	chr6,119377103,119377765	7.66
chr6,122339268,122340303	chr6,119777300,119778264	6.91
chr6,122339268,122340303	chr6,120669583,120669819	7.45
chr6,122339268,122340303	chr6,120776120,120777169	18.95
chr6,122339268,122340303	chr6,120822786,120823675	7.38
chr6,122339268,122340303	chr6,120912548,120912982	6.24
chr6,122339268,122340303	chr6,121061305,121061752	10.76
chr6,122339268,122340303	chr6,121171051,121171676	5.01
chr6,122339268,122340303	chr6,121178274,121178945	9.4
chr6,122339268,122340303	chr6,122125981,122126286	5.51
chr6,122339268,122340303	chr6,122307536,122307703	5.77
chr6,122339268,122340303	chr6,122311782,122312176	5.09
chr6,122339268,122340303	chr6,122374827,122375409	6.03
chr6,122339268,122340303	chr6,122394429,122395065	5.4
chr6,122339268,122340303	chr6,122740820,122740980	5.48
chr6,122339268,122340303	chr6,122849355,122850064	5.06
chr6,122339268,122340303	chr6,122856024,122856131	5.66
chr6,122339268,122340303	chr6,122974241,122974760	6.94
chr6,122339268,122340303	chr6,124105566,124106182	5.45
chr6,122339268,122340303	chr6,125131820,125132015	107.7
chr6,122339268,122340303	chr6,125492417,125492795	5.22
chr6,122339268,122340303	chr6,125539745,125539867	13.09
chr6,122339268,122340303	chr6,128104709,128106320	293.61
chr6,122339268,122340303	chr6,128598601,128599588	17.19
chr6,122339268,122340303	chr6,130379374,130379608	15.84
chr6,122339268,122340303	chr6,134829148,134829880	15.31
chr6,122339268,122340303	chr6,135297556,135297666	15.23
chr6,122339268,122340303	chr6,137531608,137532914	32.3
chr6,122339268,122340303	chr6,137919252,137920215	10.81
chr6,122339268,122340303	chr6,139578233,139578356	14.66
chr6,122339268,122340303	chr6,140138923,140139518	6.65
chr6,122339268,122340303	chr6,142510633,142510920	6.43
chr6,122339268,122340303	chr6,142996552,142997269	6.39
chr6,122339268,122340303	chr6,145332448,145333227	6.22
chr6,122339268,122340303	chr6,145345277,145345811	18.35
chr6,122339268,122340303	chr6,145839210,145840835	27.03
chr6,122339268,122340303	chr6,147048406,147048898	6.11
chr6,122339268,122340303	chr9,47080397,47080545	17.49
chr6,122707354,122707701	chr1,80621418,80621783	44.7
chr6,122707354,122707701	chr10,13712063,13713834	9.25
chr6,122707354,122707701	chr13,12313423,12314057	17.49
chr6,122707354,122707701	chr14,81920117,81920666	39.96
chr6,122707354,122707701	chr14,106268339,106268744	59.33
chr6,122707354,122707701	chr14,121508184,121508418	35.29
chr6,122707354,122707701	chr16,80587176,80588142	21.79
chr6,122707354,122707701	chr17,55159859,55160769	39.96
chr6,122707354,122707701	chr3,152024493,152025692	79.62
chr6,122707354,122707701	chr4,75975163,75975456	13.3
chr6,122707354,122707701	chr6,6883399,6883904	49.54
chr6,122707354,122707701	chr6,8319937,8320114	17.51
chr6,122707354,122707701	chr6,48460722,48460840	9.31
chr6,122707354,122707701	chr6,54035878,54036383	21.87
chr6,122707354,122707701	chr6,62932802,62933478	44.81
chr6,122707354,122707701	chr6,72244237,72244467	13.47
chr6,122707354,122707701	chr6,74689354,74690594	5.54
chr6,122707354,122707701	chr6,78045999,78047017	5.57
chr6,122707354,122707701	chr6,80368134,80369618	17.74
chr6,122707354,122707701	chr6,83070771,83071677	13.59
chr6,122707354,122707701	chr6,84953241,84953877	54.72
chr6,122707354,122707701	chr6,91395013,91395383	9.73
chr6,122707354,122707701	chr6,91789088,91789938	5.85
chr6,122707354,122707701	chr6,93457779,93458135	5.91
chr6,122707354,122707701	chr6,96128628,96128925	6.02
chr6,122707354,122707701	chr6,100445396,100446721	45.61
chr6,122707354,122707701	chr6,105017875,105018750	18.79
chr6,122707354,122707701	chr6,107478348,107478476	14.9
chr6,122707354,122707701	chr6,108075104,108075411	60.99
chr6,122707354,122707701	chr6,109558392,109558957	32.6
chr6,122707354,122707701	chr6,113874215,113874613	23.83
chr6,122707354,122707701	chr6,115355113,115355395	12.32
chr6,122707354,122707701	chr6,116958059,116958493	8.89
chr6,122707354,122707701	chr6,117554046,117554639	91.4
chr6,122707354,122707701	chr6,117711802,117712306	20.05
chr6,122707354,122707701	chr6,118011070,118011641	13.23
chr6,122707354,122707701	chr6,118181957,118182151	12.92
chr6,122707354,122707701	chr6,118409525,118409845	65.52
chr6,122707354,122707701	chr6,120721409,120721804	5.5
chr6,122707354,122707701	chr6,121247579,121249041	18.48
chr6,122707354,122707701	chr6,121565412,121565989	9.53
chr6,122707354,122707701	chr6,122367874,122368210	7.38
chr6,122707354,122707701	chr6,122385003,122385214	5.49
chr6,122707354,122707701	chr6,122411912,122413033	7.5
chr6,122707354,122707701	chr6,122639543,122639913	5.19
chr6,122707354,122707701	chr6,122644695,122645283	7.3
chr6,122707354,122707701	chr6,122668157,122668936	5.82
chr6,122707354,122707701	chr6,122677616,122677807	5.71
chr6,122707354,122707701	chr6,122737601,122738256	5.51
chr6,122707354,122707701	chr6,122740084,122740229	5.06
chr6,122707354,122707701	chr6,122928576,122928976	5.01
chr6,122707354,122707701	chr6,122981699,122982009	5.19
chr6,122707354,122707701	chr6,123216206,123216773	5.43
chr6,122707354,122707701	chr6,123294897,123296798	5.44
chr6,122707354,122707701	chr6,123891211,123891756	8.83
chr6,122707354,122707701	chr6,124106386,124107343	5.72
chr6,122707354,122707701	chr6,128132529,128132726	11.87
chr6,122707354,122707701	chr6,135234090,135234729	61.3
chr6,122707354,122707701	chr6,143529570,143529737	6.37
chr6,122707354,122707701	chr6,145600430,145600656	10.12
chr6,122707354,122707701	chr6,148710598,148710948	80.31
chr6,122707354,122707701	chr7,68622593,68623759	13.3
chr6,122707354,122707701	chr8,56501480,56501809	13.3
chr6,122707354,122707701	chrX,92412525,92413421	9.25
chr8,72317488,72319340	chr1,67213162,67213916	13.3
chr8,72317488,72319340	chr10,18575802,18576223	39.96
chr8,72317488,72319340	chr11,29222669,29222999	30.7
chr8,72317488,72319340	chr11,85506556,85506666	17.49
chr8,72317488,72319340	chr11,97418232,97418407	111.43
chr8,72317488,72319340	chr11,113455044,113456548	21.79
chr8,72317488,72319340	chr11,120889389,120889839	13.3
chr8,72317488,72319340	chr12,83558739,83559832	17.49
chr8,72317488,72319340	chr12,119274378,119278365	74.47
chr8,72317488,72319340	chr13,63854817,63855040	17.49
chr8,72317488,72319340	chr13,99020282,99022690	17.49
chr8,72317488,72319340	chr16,18008002,18009480	21.79
chr8,72317488,72319340	chr16,95437725,95438272	202.07
chr8,72317488,72319340	chr17,28531033,28531363	21.79
chr8,72317488,72319340	chr17,74714743,74714910	5.35
chr8,72317488,72319340	chr19,20717640,20719207	21.79
chr8,72317488,72319340	chr2,10297165,10297495	30.7
chr8,72317488,72319340	chr2,11389767,11390235	5.35
chr8,72317488,72319340	chr2,55490616,55490971	127.84
chr8,72317488,72319340	chr2,94051403,94052031	13.3
chr8,72317488,72319340	chr2,136508962,136509526	59.33
chr8,72317488,72319340	chr2,156778668,156778922	26.2
chr8,72317488,72319340	chr2,167930154,167930281	5.35
chr8,72317488,72319340	chr3,41737092,41737318	9.25
chr8,72317488,72319340	chr4,8800005,8800113	35.29
chr8,72317488,72319340	chr4,82372159,82372482	9.25
chr8,72317488,72319340	chr4,95701888,95702149	5.35
chr8,72317488,72319340	chr5,34924428,34925067	26.2
chr8,72317488,72319340	chr5,122449859,122450517	150.18
chr8,72317488,72319340	chr5,135867977,135868338	355.09
chr8,72317488,72319340	chr6,51334952,51335075	5.35
chr8,72317488,72319340	chr6,83796072,83796951	323.63
chr8,72317488,72319340	chr6,115876474,115877275	21.79
chr8,72317488,72319340	chr6,119447846,119448808	35.29
chr8,72317488,72319340	chr6,129093262,129093498	21.79
chr8,72317488,72319340	chr6,145185397,145185588	5.35
chr8,72317488,72319340	chr7,23892272,23894394	17.49
chr8,72317488,72319340	chr7,140049628,140049820	5.35
chr8,72317488,72319340	chr8,8047040,8047285	40.05
chr8,72317488,72319340	chr8,11655174,11655807	25.4
chr8,72317488,72319340	chr8,22464011,22465261	5.52
chr8,72317488,72319340	chr8,35105897,35106489	22.13
chr8,72317488,72319340	chr8,60723814,60723960	27.79
chr8,72317488,72319340	chr8,60752769,60752979	15.22
chr8,72317488,72319340	chr8,61417370,61418065	51.58
chr8,72317488,72319340	chr8,68793603,68794105	5.34
chr8,72317488,72319340	chr8,69240187,69240737	9.16
chr8,72317488,72319340	chr8,71857339,71857617	5.88
chr8,72317488,72319340	chr8,72096617,72096940	6.52
chr8,72317488,72319340	chr8,72152392,72153922	6.51
chr8,72317488,72319340	chr8,72208077,72208339	6.87
chr8,72317488,72319340	chr8,72252259,72253219	6.03
chr8,72317488,72319340	chr8,72373503,72373684	5.58
chr8,72317488,72319340	chr8,72459585,72461570	7.16
chr8,72317488,72319340	chr8,72483334,72483492	6.32
chr8,72317488,72319340	chr8,72654221,72654557	5.58
chr8,72317488,72319340	chr8,72702356,72702883	5.41
chr8,72317488,72319340	chr8,74291387,74291734	7.89
chr8,72317488,72319340	chr8,74688423,74688654	9.43
chr8,72317488,72319340	chr8,79050536,79050697	10.27
chr8,72317488,72319340	chr8,82145918,82146316	81.43
chr8,72317488,72319340	chr8,83955259,83955902	226.02
chr8,72317488,72319340	chr8,84810371,84811013	7.35
chr8,72317488,72319340	chr8,85442718,85442972	19.16
chr8,72317488,72319340	chr8,87955558,87956709	32.21
chr8,72317488,72319340	chr8,90110732,90111449	31.97
chr8,72317488,72319340	chr8,90859264,90859409	10.46
chr8,72317488,72319340	chr8,91149229,91149384	14.48
chr8,72317488,72319340	chr8,95927947,95928588	60.13
chr8,72317488,72319340	chr8,104392274,104392697	49.97
chr8,72317488,72319340	chr8,104775970,104777952	167.66
chr8,72317488,72319340	chr8,107451917,107452040	101.03
chr8,72317488,72319340	chr8,110599297,110599805	40.27
chr8,72317488,72319340	chr8,110662029,110662688	22.09
chr8,72317488,72319340	chr8,116149044,116149204	85.04
chr8,72317488,72319340	chr8,116301482,116303043	9.48
chr8,72317488,72319340	chr8,119500412,119500866	13.5
chr8,72317488,72319340	chr8,119531095,119531774	9.44
chr8,72317488,72319340	chr8,123986367,123986644	30.86
chr8,72317488,72319340	chr8,125835364,125835625	59.47
chr8,72317488,72319340	chr9,64932810,64933607	30.7
chr8,72317488,72319340	chr9,109095580,109095725	26.2
chr8,72317488,72319340	chr9,118479526,118479779	13.3
chr8,72317488,72319340	chrX,84070249,84070539	13.3
chr8,72317488,72319340	chrX,113831838,113831974	54.39
chr8,72317488,72319340	chrX,154445953,154446064	35.29
chr9,78368132,78368522	chr1,104950777,104951027	39.96
chr9,78368132,78368522	chr10,113070597,113070832	21.79
chr9,78368132,78368522	chr10,125758822,125759216	5.35
chr9,78368132,78368522	chr11,95388545,95389236	5.35
chr9,78368132,78368522	chr13,25074032,25074430	190.36
chr9,78368132,78368522	chr13,44474103,44474358	54.39
chr9,78368132,78368522	chr14,47161900,47162085	17.49
chr9,78368132,78368522	chr14,93654620,93655669	44.7
chr9,78368132,78368522	chr15,5597735,5599070	64.33
chr9,78368132,78368522	chr15,60408696,60408934	84.82
chr9,78368132,78368522	chr15,98758123,98758849	9.25
chr9,78368132,78368522	chr2,27009574,27009779	13.3
chr9,78368132,78368522	chr2,75735439,75736959	5.35
chr9,78368132,78368522	chr2,120591169,120591438	21.79
chr9,78368132,78368522	chr3,90710448,90712038	64.33
chr9,78368132,78368522	chr3,130155998,130156665	26.2
chr9,78368132,78368522	chr4,105675083,105675798	17.49
chr9,78368132,78368522	chr5,121932864,121932986	21.79
chr9,78368132,78368522	chr6,5144088,5144675	79.62
chr9,78368132,78368522	chr6,53689440,53689983	9.25
chr9,78368132,78368522	chr7,101135564,101136247	21.79
chr9,78368132,78368522	chr9,23792415,23792698	9.39
chr9,78368132,78368522	chr9,40328461,40329188	9.57
chr9,78368132,78368522	chr9,46897309,46897816	101.14
chr9,78368132,78368522	chr9,47236726,47237442	190.84
chr9,78368132,78368522	chr9,56622964,56623687	6.3
chr9,78368132,78368522	chr9,57562864,57563823	18.51
chr9,78368132,78368522	chr9,62994148,62995232	41.54
chr9,78368132,78368522	chr9,71735572,71735909	5.15
chr9,78368132,78368522	chr9,73461467,73461995	5.78
chr9,78368132,78368522	chr9,74963827,74964589	8.11
chr9,78368132,78368522	chr9,76885123,76885531	6.95
chr9,78368132,78368522	chr9,77371114,77372571	5.11
chr9,78368132,78368522	chr9,77898776,77899360	5.06
chr9,78368132,78368522	chr9,78037119,78037328	7.79
chr9,78368132,78368522	chr9,78094717,78095192	5.78
chr9,78368132,78368522	chr9,78331850,78332324	5.56
chr9,78368132,78368522	chr9,78410418,78410811	5.2
chr9,78368132,78368522	chr9,78514750,78515314	5.42
chr9,78368132,78368522	chr9,94587760,94588954	41.43
chr9,78368132,78368522	chr9,101976920,101977973	6.18
chr9,78368132,78368522	chr9,106029800,106030159	9.87
chr9,78368132,78368522	chr9,114384730,114385015	9.61
chr9,78368132,78368522	chr9,119759797,119760178	64.59
