chr1,118628128,118629090	chr1,58779516,58779673	28.24
chr1,118628128,118629090	chr1,59096217,59096754	57.6
chr1,118628128,118629090	chr1,91533536,91534143	19.64
chr1,118628128,118629090	chr1,98135603,98136405	11.42
chr1,118628128,118629090	chr1,103766130,103766289	53.84
chr1,118628128,118629090	chr1,106680369,106681419	8.31
chr1,118628128,118629090	chr1,106759304,106759673	8.33
chr1,118628128,118629090	chr1,107869768,107870091	8.49
chr1,118628128,118629090	chr1,112896798,112896967	5.65
chr1,118628128,118629090	chr1,113938307,113941051	5.65
chr1,118628128,118629090	chr1,114415150,114417178	7.5
chr1,118628128,118629090	chr1,118046057,118046447	6.31
chr1,118628128,118629090	chr1,118693844,118695057	5.13
chr1,118628128,118629090	chr1,118843601,118845040	7.01
chr1,118628128,118629090	chr1,118959041,118959325	5.55
chr1,118628128,118629090	chr1,119200967,119201124	9.02
chr1,118628128,118629090	chr1,119547631,119548007	6.32
chr1,118628128,118629090	chr1,120154823,120156455	6
chr1,118628128,118629090	chr1,120538069,120538958	8.11
chr1,118628128,118629090	chr1,121299967,121300362	24.16
chr1,118628128,118629090	chr1,121773521,121774046	22.63
chr1,118628128,118629090	chr1,122210974,122211553	5.43
chr1,118628128,118629090	chr1,123284848,123285306	21.38
chr1,118628128,118629090	chr1,124712689,124712994	8.43
chr1,118628128,118629090	chr1,131866974,131867663	39.3
chr1,118628128,118629090	chr1,132242726,132243270	16.07
chr1,118628128,118629090	chr1,134038000,134038119	63.94
chr1,118628128,118629090	chr1,135945286,135945581	20.13
chr1,118628128,118629090	chr1,136650532,136650931	26.86
chr1,118628128,118629090	chr1,136854928,136855825	7.54
chr1,118628128,118629090	chr1,138137004,138138036	15.71
chr1,118628128,118629090	chr1,140658062,140658871	48.27
chr1,118628128,118629090	chr1,154124740,154124841	15.01
chr1,118628128,118629090	chr1,155185391,155186430	6.65
chr1,118628128,118629090	chr1,157400874,157401042	14.95
chr1,118628128,118629090	chr1,159425637,159426982	33.09
chr1,118628128,118629090	chr1,165825040,165825501	62.81
chr1,118628128,118629090	chr1,166120068,166120539	14.84
chr1,118628128,118629090	chr1,169583037,169583492	100.14
chr1,118628128,118629090	chr1,174436970,174438219	73.18
chr1,118628128,118629090	chr1,178567335,178568278	6.42
chr1,118628128,118629090	chr11,6526832,6527838	42.48
chr1,118628128,118629090	chr11,42848999,42849385	14.65
chr1,118628128,118629090	chr12,102383261,102384568	37.61
chr1,118628128,118629090	chr12,106140561,106141046	10.4
chr1,118628128,118629090	chr13,96768244,96769309	14.65
chr1,118628128,118629090	chr19,40927931,40928313	6.31
chr1,118628128,118629090	chr19,56100346,56100700	37.61
chr1,118628128,118629090	chr2,11713152,11713729	42.48
chr1,118628128,118629090	chr2,49717446,49719000	28.13
chr1,118628128,118629090	chr3,65270939,65271299	19.03
chr1,118628128,118629090	chr5,147078502,147079202	14.65
chr1,118628128,118629090	chr6,104402500,104402847	10.4
chr1,118628128,118629090	chr7,100823444,100823956	10.4
chr1,118628128,118629090	chr7,120619718,120619999	6.31
chr1,118628128,118629090	chr8,15424101,15424205	19.03
chr11,100938874,100939386	chr1,37315306,37315742	42.48
chr11,100938874,100939386	chr10,68444370,68445217	73.06
chr11,100938874,100939386	chr11,60451112,60452063	52.65
chr11,100938874,100939386	chr11,76182217,76184464	19.48
chr11,100938874,100939386	chr11,87082646,87083002	7.75
chr11,100938874,100939386	chr11,97246957,97247551	12.3
chr11,100938874,100939386	chr11,98110559,98110769	7.91
chr11,100938874,100939386	chr11,99526823,99527888	5.29
chr11,100938874,100939386	chr11,100475763,100475891	5.06
chr11,100938874,100939386	chr11,100493643,100494047	5.96
chr11,100938874,100939386	chr11,100682374,100682866	6.85
chr11,100938874,100939386	chr11,100703607,100704035	6.91
chr11,100938874,100939386	chr11,100857755,100858730	5.25
chr11,100938874,100939386	chr11,100870613,100871302	5.29
chr11,100938874,100939386	chr11,101030485,101030934	5.69
chr11,100938874,100939386	chr11,101044796,101045040	5.02
chr11,100938874,100939386	chr11,101080024,101080247	5.1
chr11,100938874,100939386	chr11,101086883,101087246	5.7
chr11,100938874,100939386	chr11,101122875,101123015	5.15
chr11,100938874,100939386	chr11,101279530,101280866	5.57
chr11,100938874,100939386	chr11,101349558,101349659	5.92
chr11,100938874,100939386	chr11,101570502,101571558	7.75
chr11,100938874,100939386	chr11,116337666,116338192	14.72
chr11,100938874,100939386	chr13,32328092,32328256	111.08
chr11,100938874,100939386	chr13,33998931,33999643	19.03
chr11,100938874,100939386	chr13,38415363,38415607	42.48
chr11,100938874,100939386	chr14,57428395,57428724	6.31
chr11,100938874,100939386	chr15,53299105,53301750	6.31
chr11,100938874,100939386	chr15,79694262,79694649	192.33
chr11,100938874,100939386	chr15,89167210,89168240	32.83
chr11,100938874,100939386	chr15,98664082,98664623	62.63
chr11,100938874,100939386	chr16,19741576,19741855	32.83
chr11,100938874,100939386	chr16,50891067,50891500	28.13
chr11,100938874,100939386	chr17,27228930,27229032	62.63
chr11,100938874,100939386	chr19,45829984,45830714	14.65
chr11,100938874,100939386	chr19,56452991,56454540	10.4
chr11,100938874,100939386	chr2,32303813,32304044	6.31
chr11,100938874,100939386	chr2,57873808,57874137	6.31
chr11,100938874,100939386	chr2,166091314,166091518	83.7
chr11,100938874,100939386	chr3,27870070,27870253	19.03
chr11,100938874,100939386	chr3,87690940,87691211	89.09
chr11,100938874,100939386	chr3,102567954,102568594	19.03
chr11,100938874,100939386	chr3,118583921,118584622	42.48
chr11,100938874,100939386	chr4,34869153,34869849	122.31
chr11,100938874,100939386	chr4,43959263,43959583	52.43
chr11,100938874,100939386	chr5,64972783,64973111	6.31
chr11,100938874,100939386	chr5,103310993,103313632	19.03
chr11,100938874,100939386	chr5,143153612,143154078	57.5
chr11,100938874,100939386	chr6,58498316,58498547	19.03
chr11,100938874,100939386	chr7,16534154,16534849	6.31
chr11,100938874,100939386	chr8,80515409,80515542	10.4
chr11,100938874,100939386	chr8,119839262,119839897	28.13
chr11,100938874,100939386	chr9,59390909,59391374	116.68
chr12,86419274,86422913	chr1,89294265,89294662	32.83
chr12,86419274,86422913	chr1,133412673,133413080	6.31
chr12,86419274,86422913	chr1,186768508,186768735	23.53
chr12,86419274,86422913	chr10,66902922,66904431	145.18
chr12,86419274,86422913	chr11,6395073,6395423	6.31
chr12,86419274,86422913	chr11,59136621,59137196	32.83
chr12,86419274,86422913	chr11,70644764,70645086	28.13
chr12,86419274,86422913	chr11,108752598,108753679	14.65
chr12,86419274,86422913	chr12,4158994,4159297	14.69
chr12,86419274,86422913	chr12,5325147,5325375	10.44
chr12,86419274,86422913	chr12,10213963,10214262	23.6
chr12,86419274,86422913	chr12,14918600,14919018	10.46
chr12,86419274,86422913	chr12,24680704,24680875	133.57
chr12,86419274,86422913	chr12,28373946,28374603	10.5
chr12,86419274,86422913	chr12,40662115,40663345	23.45
chr12,86419274,86422913	chr12,44552025,44552488	346.54
chr12,86419274,86422913	chr12,45356458,45358425	28.31
chr12,86419274,86422913	chr12,50386409,50386566	6.61
chr12,86419274,86422913	chr12,54315851,54316346	10.65
chr12,86419274,86422913	chr12,57355693,57355822	14.37
chr12,86419274,86422913	chr12,62217420,62218550	16.53
chr12,86419274,86422913	chr12,64713370,64713696	136.45
chr12,86419274,86422913	chr12,67731579,67732664	16.9
chr12,86419274,86422913	chr12,68890267,68891001	182.59
chr12,86419274,86422913	chr12,69419941,69420454	20.44
chr12,86419274,86422913	chr12,70334705,70335729	19.79
chr12,86419274,86422913	chr12,70547293,70548009	13.3
chr12,86419274,86422913	chr12,70685898,70686301	8.89
chr12,86419274,86422913	chr12,73549151,73549707	7.96
chr12,86419274,86422913	chr12,74202166,74202902	218.44
chr12,86419274,86422913	chr12,75766162,75766305	7.11
chr12,86419274,86422913	chr12,79876725,79877109	20.98
chr12,86419274,86422913	chr12,80615255,80615454	7.8
chr12,86419274,86422913	chr12,81313395,81313952	7.1
chr12,86419274,86422913	chr12,81776438,81777137	7.41
chr12,86419274,86422913	chr12,82666273,82666575	11.73
chr12,86419274,86422913	chr12,84552773,84553189	7.44
chr12,86419274,86422913	chr12,84745669,84746055	13.71
chr12,86419274,86422913	chr12,85551290,85553909	5.63
chr12,86419274,86422913	chr12,85798928,85799141	5.59
chr12,86419274,86422913	chr12,85929056,85929474	7.87
chr12,86419274,86422913	chr12,85988515,85988969	5.28
chr12,86419274,86422913	chr12,86070287,86070653	6.12
chr12,86419274,86422913	chr12,86088574,86089024	7.16
chr12,86419274,86422913	chr12,86128791,86129046	5.52
chr12,86419274,86422913	chr12,86196477,86196662	5.17
chr12,86419274,86422913	chr12,86342659,86342952	5.21
chr12,86419274,86422913	chr12,86616262,86616862	5.43
chr12,86419274,86422913	chr12,86627999,86628350	6.77
chr12,86419274,86422913	chr12,86903227,86903555	5.96
chr12,86419274,86422913	chr12,91018527,91018707	6.59
chr12,86419274,86422913	chr12,91430075,91430648	10.3
chr12,86419274,86422913	chr12,98243152,98244035	16.32
chr12,86419274,86422913	chr12,98694619,98695602	5.8
chr12,86419274,86422913	chr12,102986000,102986577	17.98
chr12,86419274,86422913	chr12,103132481,103132922	11.46
chr12,86419274,86422913	chr12,104146163,104146532	18.68
chr12,86419274,86422913	chr12,104238380,104238624	6.66
chr12,86419274,86422913	chr12,104277493,104278776	9.44
chr12,86419274,86422913	chr12,104779674,104780198	19.05
chr12,86419274,86422913	chr12,105983558,105983682	19.72
chr12,86419274,86422913	chr12,106671756,106672098	9.93
chr12,86419274,86422913	chr12,108373145,108374608	52.41
chr12,86419274,86422913	chr12,108468135,108468337	13.14
chr12,86419274,86422913	chr12,112487522,112488070	22.79
chr12,86419274,86422913	chr12,113179235,113179494	14.09
chr12,86419274,86422913	chr12,117500397,117500982	6.69
chr12,86419274,86422913	chr12,117812018,117812505	105.07
chr12,86419274,86422913	chr12,117985729,117986170	18.25
chr12,86419274,86422913	chr12,118598908,118599110	78.24
chr12,86419274,86422913	chr13,31273193,31273402	32.83
chr12,86419274,86422913	chr13,46287736,46288316	14.65
chr12,86419274,86422913	chr13,51435028,51435290	19.03
chr12,86419274,86422913	chr13,99691210,99691427	52.43
chr12,86419274,86422913	chr14,56201973,56202898	122.31
chr12,86419274,86422913	chr16,89360959,89362989	94.53
chr12,86419274,86422913	chr16,93862983,93864064	6.31
chr12,86419274,86422913	chr17,83774166,83774918	19.03
chr12,86419274,86422913	chr17,87075734,87075861	6.31
chr12,86419274,86422913	chr18,26346885,26347132	14.65
chr12,86419274,86422913	chr18,43048546,43048712	10.4
chr12,86419274,86422913	chr19,6144949,6146041	14.65
chr12,86419274,86422913	chr19,22950017,22950159	14.65
chr12,86419274,86422913	chr19,25910334,25910680	32.83
chr12,86419274,86422913	chr19,34820307,34821727	14.65
chr12,86419274,86422913	chr19,40691173,40691623	57.5
chr12,86419274,86422913	chr2,49579214,49579342	37.61
chr12,86419274,86422913	chr2,78810421,78810582	23.53
chr12,86419274,86422913	chr2,115629222,115629647	10.4
chr12,86419274,86422913	chr3,28986455,28986926	42.48
chr12,86419274,86422913	chr3,129662756,129662870	19.03
chr12,86419274,86422913	chr4,33629865,33630047	348.84
chr12,86419274,86422913	chr4,34024690,34024866	28.13
chr12,86419274,86422913	chr5,133777806,133778773	32.83
chr12,86419274,86422913	chr5,134120288,134120754	272.24
chr12,86419274,86422913	chr5,146260809,146261043	133.68
chr12,86419274,86422913	chr6,28961991,28962544	10.4
chr12,86419274,86422913	chr6,38370937,38372385	32.83
chr12,86419274,86422913	chr6,57600146,57600407	28.13
chr12,86419274,86422913	chr7,75701780,75702280	14.65
chr12,86419274,86422913	chr7,117709627,117711559	28.13
chr12,86419274,86422913	chr7,140853863,140854105	186.35
chr12,86419274,86422913	chr7,144461896,144462182	94.53
chr12,86419274,86422913	chr8,68631199,68632025	6.31
chr12,86419274,86422913	chr9,104443116,104443793	291.16
chr12,86419274,86422913	chr9,123314351,123314880	14.65
chr15,7128930,7130283	chr11,50398362,50398702	6.31
chr15,7128930,7130283	chr14,20751352,20751885	42.48
chr15,7128930,7130283	chr15,3376943,3378092	11.71
chr15,7128930,7130283	chr15,3778087,3778683	12.47
chr15,7128930,7130283	chr15,4250102,4250848	8.26
chr15,7128930,7130283	chr15,7197907,7198539	5.04
chr15,7128930,7130283	chr15,7258883,7259602	5.12
chr15,7128930,7130283	chr15,7283093,7283565	5.45
chr15,7128930,7130283	chr15,7446863,7447015	5.04
chr15,7128930,7130283	chr15,7481344,7482308	6.11
chr15,7128930,7130283	chr15,7666146,7666391	5.86
chr15,7128930,7130283	chr15,7721480,7722048	7.46
chr15,7128930,7130283	chr15,8343147,8343645	6.11
chr15,7128930,7130283	chr15,10130905,10131445	6.13
chr15,7128930,7130283	chr15,12949342,12950052	13.15
chr15,7128930,7130283	chr15,22925938,22926556	11.18
chr15,7128930,7130283	chr15,23167799,23167995	17.42
chr15,7128930,7130283	chr15,24089746,24089916	17.79
chr15,7128930,7130283	chr15,26869293,26869699	78.8
chr15,7128930,7130283	chr15,32067611,32067803	11.06
chr15,7128930,7130283	chr15,39105266,39105533	6.75
chr15,7128930,7130283	chr15,41399088,41399445	10.77
chr15,7128930,7130283	chr15,73625505,73626150	28.2
chr15,7128930,7130283	chr15,74512982,74513622	10.48
chr15,7128930,7130283	chr15,84626207,84626722	28.18
chr15,7128930,7130283	chr16,85743225,85743885	10.4
chr15,7128930,7130283	chr17,15355095,15356097	10.4
chr15,7128930,7130283	chr17,73202824,73203460	14.65
chr15,7128930,7130283	chr18,6905694,6905996	10.4
chr15,7128930,7130283	chr18,9641844,9641946	19.03
chr15,7128930,7130283	chr18,81782499,81783469	6.31
chr15,7128930,7130283	chr19,29510460,29510575	6.31
chr15,7128930,7130283	chr19,43503003,43503194	37.61
chr15,7128930,7130283	chr2,37107323,37107556	28.13
chr15,7128930,7130283	chr4,19866830,19868042	57.5
chr15,7128930,7130283	chr4,98760119,98760273	57.5
chr15,7128930,7130283	chr6,6426291,6426743	67.82
chr15,7128930,7130283	chr7,78019330,78019585	14.65
chr15,7128930,7130283	chr8,114652309,114653151	6.31
chr15,7128930,7130283	chr9,29090770,29091136	52.43
chr15,7128930,7130283	chr9,29283310,29283871	73.06
chr16,10479663,10480580	chr1,164671979,164672175	10.4
chr16,10479663,10480580	chr1,175177318,175177846	94.53
chr16,10479663,10480580	chr10,106680155,106680540	62.63
chr16,10479663,10480580	chr10,125892636,125893380	10.4
chr16,10479663,10480580	chr11,76699813,76700132	180.38
chr16,10479663,10480580	chr12,108407693,108407859	42.48
chr16,10479663,10480580	chr13,6869781,6870834	37.61
chr16,10479663,10480580	chr13,74911932,74912675	6.31
chr16,10479663,10480580	chr13,96984097,96984953	10.4
chr16,10479663,10480580	chr14,18290448,18290723	10.4
chr16,10479663,10480580	chr14,111119524,111119802	253.49
chr16,10479663,10480580	chr15,40229752,40232565	139.41
chr16,10479663,10480580	chr15,41548458,41549380	14.65
chr16,10479663,10480580	chr15,79739305,79740330	32.83
chr16,10479663,10480580	chr15,88747658,88747834	198.35
chr16,10479663,10480580	chr16,3820847,3821261	6.2
chr16,10479663,10480580	chr16,4118969,4119264	172.8
chr16,10479663,10480580	chr16,5117824,5118175	107.32
chr16,10479663,10480580	chr16,5201605,5202252	13.34
chr16,10479663,10480580	chr16,7728015,7728873	7.84
chr16,10479663,10480580	chr16,8422293,8422667	8.61
chr16,10479663,10480580	chr16,8617325,8617700	6.32
chr16,10479663,10480580	chr16,9780151,9781499	5.56
chr16,10479663,10480580	chr16,10421256,10421587	5.56
chr16,10479663,10480580	chr16,10423704,10423861	6.22
chr16,10479663,10480580	chr16,10822384,10822499	5.72
chr16,10479663,10480580	chr16,11096046,11096796	7.67
chr16,10479663,10480580	chr16,11508212,11508580	13.19
chr16,10479663,10480580	chr16,12038677,12038796	7.31
chr16,10479663,10480580	chr16,12564137,12564358	6.68
chr16,10479663,10480580	chr16,16875863,16876173	18.08
chr16,10479663,10480580	chr16,17015357,17016564	13.88
chr16,10479663,10480580	chr16,17246938,17247684	12.65
chr16,10479663,10480580	chr16,23488762,23489441	22.91
chr16,10479663,10480580	chr16,29582353,29584695	14.93
chr16,10479663,10480580	chr16,33671217,33671702	245.61
chr16,10479663,10480580	chr16,34122002,34123311	7.07
chr16,10479663,10480580	chr16,37033856,37034534	122.38
chr16,10479663,10480580	chr16,38125014,38125270	42.97
chr16,10479663,10480580	chr16,38959916,38960619	111.24
chr16,10479663,10480580	chr16,40331081,40332351	168.38
chr16,10479663,10480580	chr16,58730859,58731636	19.19
chr16,10479663,10480580	chr16,63437309,63437838	62.74
chr16,10479663,10480580	chr16,63504607,63507154	168.54
chr16,10479663,10480580	chr16,76344287,76344561	19.11
chr16,10479663,10480580	chr17,24953491,24953772	28.13
chr16,10479663,10480580	chr18,21107005,21107995	62.63
chr16,10479663,10480580	chr18,38202688,38203265	10.4
chr16,10479663,10480580	chr18,38661826,38662617	156.8
chr16,10479663,10480580	chr18,68604985,68605988	6.31
chr16,10479663,10480580	chr2,3247503,3247996	42.48
chr16,10479663,10480580	chr2,90744806,90745487	67.82
chr16,10479663,10480580	chr2,104869712,104870053	10.4
chr16,10479663,10480580	chr2,180611049,180611409	284.83
chr16,10479663,10480580	chr4,122938668,122938888	67.82
chr16,10479663,10480580	chr5,43813987,43814743	42.48
chr16,10479663,10480580	chr5,53353025,53353238	23.53
chr16,10479663,10480580	chr5,105529115,105529654	162.65
chr16,10479663,10480580	chr5,129690353,129691368	37.61
chr16,10479663,10480580	chr6,8471843,8472049	57.5
chr16,10479663,10480580	chr6,17589238,17590886	156.8
chr16,10479663,10480580	chr6,56601184,56601376	6.31
chr16,10479663,10480580	chr9,10074161,10074910	42.48
chr16,10479663,10480580	chr9,20459127,20460627	28.13
chr16,10479663,10480580	chrX,112689084,112690469	37.61
chr16,10486858,10489086	chr1,6881326,6881769	32.83
chr16,10486858,10489086	chr1,9515621,9515809	37.61
chr16,10486858,10489086	chr1,60659736,60659856	10.4
chr16,10486858,10489086	chr1,74081876,74082384	10.4
chr16,10486858,10489086	chr1,126556590,126556705	14.65
chr16,10486858,10489086	chr1,135690745,135691174	23.53
chr16,10486858,10489086	chr1,156631069,156631397	78.36
chr16,10486858,10489086	chr1,157069712,157069902	37.61
chr16,10486858,10489086	chr10,44902089,44903382	19.03
chr16,10486858,10489086	chr11,27795888,27797288	174.45
chr16,10486858,10489086	chr11,61913762,61915574	100.01
chr16,10486858,10489086	chr11,64513855,64514610	23.53
chr16,10486858,10489086	chr11,79688329,79688896	28.13
chr16,10486858,10489086	chr12,107824223,107824608	14.65
chr16,10486858,10489086	chr13,79075322,79075679	23.53
chr16,10486858,10489086	chr13,92115432,92115809	42.48
chr16,10486858,10489086	chr14,32189503,32189861	52.43
chr16,10486858,10489086	chr14,70087799,70088374	297.5
chr16,10486858,10489086	chr15,15308337,15309103	10.4
chr16,10486858,10489086	chr15,51818004,51818497	73.06
chr16,10486858,10489086	chr15,82394240,82394657	6.31
chr16,10486858,10489086	chr16,4108305,4108793	5.98
chr16,10486858,10489086	chr16,6206959,6207291	5.11
chr16,10486858,10489086	chr16,8468858,8469293	5.15
chr16,10486858,10489086	chr16,8890543,8891392	5.61
chr16,10486858,10489086	chr16,10213243,10213829	6.85
chr16,10486858,10489086	chr16,10271953,10272533	6.01
chr16,10486858,10489086	chr16,10288378,10288500	5.14
chr16,10486858,10489086	chr16,10288501,10288704	5.14
chr16,10486858,10489086	chr16,10290924,10291212	5.09
chr16,10486858,10489086	chr16,10314100,10314438	5.24
chr16,10486858,10489086	chr16,10607407,10608078	5.42
chr16,10486858,10489086	chr16,10810164,10810969	5.36
chr16,10486858,10489086	chr16,10827670,10827816	6.37
chr16,10486858,10489086	chr16,11424509,11425623	5.09
chr16,10486858,10489086	chr16,11533336,11534075	6.89
chr16,10486858,10489086	chr16,13424870,13425829	7.14
chr16,10486858,10489086	chr16,14369635,14370195	6.9
chr16,10486858,10489086	chr16,15050782,15051797	17.84
chr16,10486858,10489086	chr16,15119076,15119181	11
chr16,10486858,10489086	chr16,16946307,16946981	9.62
chr16,10486858,10489086	chr16,17518985,17519168	28.71
chr16,10486858,10489086	chr16,18373193,18373343	8.12
chr16,10486858,10489086	chr16,18889306,18889870	13.05
chr16,10486858,10489086	chr16,20685198,20686020	17.84
chr16,10486858,10489086	chr16,24170277,24170514	20.56
chr16,10486858,10489086	chr16,25036084,25036247	23.19
chr16,10486858,10489086	chr16,29118667,29119348	51.25
chr16,10486858,10489086	chr16,32521915,32522421	51.83
chr16,10486858,10489086	chr16,33301085,33302863	11.99
chr16,10486858,10489086	chr16,38672971,38673241	72.43
chr16,10486858,10489086	chr16,45242996,45243212	77.99
chr16,10486858,10489086	chr16,45733051,45733246	62.47
chr16,10486858,10489086	chr16,52044247,52044679	37.69
chr16,10486858,10489086	chr16,52386999,52387747	32.93
chr16,10486858,10489086	chr16,57738485,57739086	42.52
chr16,10486858,10489086	chr16,78034754,78034861	57.49
chr16,10486858,10489086	chr16,94167297,94168029	37.63
chr16,10486858,10489086	chr16,97823348,97826260	52.43
chr16,10486858,10489086	chr16,97923769,97924196	32.85
chr16,10486858,10489086	chr17,7592138,7592754	14.65
chr16,10486858,10489086	chr17,34235428,34236493	10.4
chr16,10486858,10489086	chr17,76037103,76037274	14.65
chr16,10486858,10489086	chr17,89350237,89350798	122.31
chr16,10486858,10489086	chr18,7657574,7658609	23.53
chr16,10486858,10489086	chr18,10310343,10310693	6.31
chr16,10486858,10489086	chr18,53380341,53380512	42.48
chr16,10486858,10489086	chr19,41932516,41932914	139.41
chr16,10486858,10489086	chr3,111865706,111866536	42.48
chr16,10486858,10489086	chr3,133899485,133899694	10.4
chr16,10486858,10489086	chr4,14928659,14928864	28.13
chr16,10486858,10489086	chr4,83501609,83501791	62.63
chr16,10486858,10489086	chr4,136326243,136326872	19.03
chr16,10486858,10489086	chr4,150304871,150305036	37.61
chr16,10486858,10489086	chr5,29017233,29017935	14.65
chr16,10486858,10489086	chr5,118802381,118802882	89.09
chr16,10486858,10489086	chr5,122135818,122136533	186.35
chr16,10486858,10489086	chr5,146829470,146829876	14.65
chr16,10486858,10489086	chr6,17519263,17519608	105.53
chr16,10486858,10489086	chr6,108191115,108191407	14.65
chr16,10486858,10489086	chr6,111718374,111718752	10.4
chr16,10486858,10489086	chr6,112384742,112384911	23.53
chr16,10486858,10489086	chr6,120158334,120158442	62.63
chr16,10486858,10489086	chr6,145464779,145465474	23.53
chr16,10486858,10489086	chr7,5935773,5936195	6.31
chr16,10486858,10489086	chr7,20063809,20064301	57.5
chr16,10486858,10489086	chr7,44346628,44347008	10.4
chr16,10486858,10489086	chr7,65765736,65765995	23.53
chr16,10486858,10489086	chr8,35953119,35953275	19.03
chr16,10486858,10489086	chr8,84076006,84076253	10.4
chr16,10486858,10489086	chr8,129169456,129170228	100.01
chr16,10486858,10489086	chr9,15097085,15097310	32.83
chr16,10486858,10489086	chr9,44492939,44493309	28.13
chr16,10486858,10489086	chr9,46349410,46351172	23.53
chr16,10486858,10489086	chr9,96161928,96162544	6.31
chr16,10486858,10489086	chrX,74274824,74274982	303.86
chr16,10486858,10489086	chrX,157645484,157646037	10.4
chr16,10489551,10489878	chr1,5023532,5024130	14.65
chr16,10489551,10489878	chr1,13134287,13135176	19.03
chr16,10489551,10489878	chr1,36474736,36475069	32.83
chr16,10489551,10489878	chr1,159594318,159594585	10.4
chr16,10489551,10489878	chr10,8778440,8779206	37.61
chr16,10489551,10489878	chr10,38721627,38721834	32.83
chr16,10489551,10489878	chr10,72456022,72456327	14.65
chr16,10489551,10489878	chr11,55397678,55398563	19.03
chr16,10489551,10489878	chr11,72525165,72526321	57.5
chr16,10489551,10489878	chr12,3705302,3706143	37.61
chr16,10489551,10489878	chr13,46977004,46977727	19.03
chr16,10489551,10489878	chr13,91093811,91093983	42.48
chr16,10489551,10489878	chr14,34517827,34518321	407.77
chr16,10489551,10489878	chr14,60197488,60197853	19.03
chr16,10489551,10489878	chr15,6484822,6485152	47.42
chr16,10489551,10489878	chr15,9529364,9529601	52.43
chr16,10489551,10489878	chr15,40722827,40723321	10.4
chr16,10489551,10489878	chr15,57888684,57890053	198.35
chr16,10489551,10489878	chr15,97926888,97927567	47.42
chr16,10489551,10489878	chr16,4600613,4600744	5.75
chr16,10489551,10489878	chr16,4821327,4821537	5.65
chr16,10489551,10489878	chr16,5042859,5043120	18.4
chr16,10489551,10489878	chr16,8401897,8402283	14.55
chr16,10489551,10489878	chr16,8522630,8523022	6.85
chr16,10489551,10489878	chr16,8534857,8535710	9.07
chr16,10489551,10489878	chr16,8790918,8791135	5.55
chr16,10489551,10489878	chr16,8791406,8791729	31.9
chr16,10489551,10489878	chr16,9762223,9762877	5.34
chr16,10489551,10489878	chr16,10257726,10258215	6.26
chr16,10489551,10489878	chr16,10271453,10271595	5.06
chr16,10489551,10489878	chr16,10436765,10437211	5.76
chr16,10489551,10489878	chr16,10446932,10447355	5.17
chr16,10489551,10489878	chr16,10461408,10461613	5.28
chr16,10489551,10489878	chr16,10792957,10793332	5.61
chr16,10489551,10489878	chr16,10828677,10830145	9.32
chr16,10489551,10489878	chr16,10935775,10936280	7.42
chr16,10489551,10489878	chr16,10944565,10944698	5.81
chr16,10489551,10489878	chr16,11022901,11023092	5.6
chr16,10489551,10489878	chr16,11132519,11132718	9.17
chr16,10489551,10489878	chr16,11248096,11248197	6.06
chr16,10489551,10489878	chr16,11647385,11648564	6.61
chr16,10489551,10489878	chr16,12037243,12037901	8.18
chr16,10489551,10489878	chr16,13366917,13367076	6.49
chr16,10489551,10489878	chr16,13821570,13822291	133.8
chr16,10489551,10489878	chr16,14200142,14201335	9.36
chr16,10489551,10489878	chr16,14319895,14321494	6.71
chr16,10489551,10489878	chr16,17204298,17205169	28.27
chr16,10489551,10489878	chr16,18196470,18196858	424.07
chr16,10489551,10489878	chr16,18673087,18674047	12.19
chr16,10489551,10489878	chr16,21928565,21929067	47.95
chr16,10489551,10489878	chr16,22398371,22398767	359.01
chr16,10489551,10489878	chr16,24728318,24729110	7.55
chr16,10489551,10489878	chr16,26794840,26795175	110.43
chr16,10489551,10489878	chr16,29778748,29779851	73.49
chr16,10489551,10489878	chr16,33995522,33996059	38.26
chr16,10489551,10489878	chr16,35629517,35630287	47.95
chr16,10489551,10489878	chr16,37408347,37409289	57.93
chr16,10489551,10489878	chr16,37677047,37677335	10.96
chr16,10489551,10489878	chr16,38644563,38645164	47.86
chr16,10489551,10489878	chr16,41445260,41445514	392.63
chr16,10489551,10489878	chr16,43315215,43316347	15.02
chr16,10489551,10489878	chr16,43654757,43655383	62.92
chr16,10489551,10489878	chr16,44523345,44523875	222.28
chr16,10489551,10489878	chr16,45894343,45894721	145.19
chr16,10489551,10489878	chr16,56567259,56568126	89.21
chr16,10489551,10489878	chr16,57304833,57305228	28.3
chr16,10489551,10489878	chr16,60616685,60617350	37.75
chr16,10489551,10489878	chr16,84970285,84970487	310.15
chr16,10489551,10489878	chr16,90370744,90371705	186.34
chr16,10489551,10489878	chr16,92105249,92105731	6.36
chr16,10489551,10489878	chr16,97462428,97462627	6.35
chr16,10489551,10489878	chr18,7920582,7920701	28.13
chr16,10489551,10489878	chr18,36265162,36265566	228.76
chr16,10489551,10489878	chr18,39088873,39089802	28.13
chr16,10489551,10489878	chr19,5486514,5486805	19.03
chr16,10489551,10489878	chr19,36445568,36449780	186.35
chr16,10489551,10489878	chr2,126519755,126520551	14.65
chr16,10489551,10489878	chr2,156286940,156287423	10.4
chr16,10489551,10489878	chr4,46148287,46148704	6.31
chr16,10489551,10489878	chr4,50138503,50138909	14.65
chr16,10489551,10489878	chr4,110982051,110982231	14.65
chr16,10489551,10489878	chr4,150207750,150208994	10.4
chr16,10489551,10489878	chr5,28662276,28662564	47.42
chr16,10489551,10489878	chr5,29423530,29423963	83.7
chr16,10489551,10489878	chr5,91203825,91204717	52.43
chr16,10489551,10489878	chr6,6474226,6475044	32.83
chr16,10489551,10489878	chr6,25766565,25767470	374.89
chr16,10489551,10489878	chr6,34320141,34320371	52.43
chr16,10489551,10489878	chr6,48751875,48752055	23.53
chr16,10489551,10489878	chr6,137500947,137501234	10.4
chr16,10489551,10489878	chr7,21130767,21131076	6.31
chr16,10489551,10489878	chr7,28050681,28051232	23.53
chr16,10489551,10489878	chr7,82311962,82312369	10.4
chr16,10489551,10489878	chr7,138407688,138407963	32.83
chr16,10489551,10489878	chr8,86600627,86601052	6.31
chr16,10489551,10489878	chr8,122589494,122589674	162.65
chr16,10489551,10489878	chr9,30401920,30402440	32.83
chr16,10489551,10489878	chr9,33470320,33470566	10.4
chr16,10489551,10489878	chr9,35533810,35534256	14.65
chr16,10489551,10489878	chr9,47283108,47283782	10.4
chr16,10489551,10489878	chr9,79238635,79238843	14.65
chr16,10489551,10489878	chrX,17376805,17377295	6.31
chr16,10489551,10489878	chrX,50765194,50765750	10.4
chr2,168766420,168767218	chr1,89799350,89799586	23.53
chr2,168766420,168767218	chr1,173861276,173861674	10.4
chr2,168766420,168767218	chr10,117135462,117137576	28.13
chr2,168766420,168767218	chr11,108665777,108666100	6.31
chr2,168766420,168767218	chr12,81129531,81131478	14.65
chr2,168766420,168767218	chr13,43920875,43921055	14.65
chr2,168766420,168767218	chr13,46117670,46118058	19.03
chr2,168766420,168767218	chr13,49567265,49568041	10.4
chr2,168766420,168767218	chr13,104296319,104297292	6.31
chr2,168766420,168767218	chr15,10567313,10567721	145.18
chr2,168766420,168767218	chr15,67942875,67944895	6.31
chr2,168766420,168767218	chr18,41893596,41894202	89.09
chr2,168766420,168767218	chr18,54069256,54069515	23.53
chr2,168766420,168767218	chr2,52437270,52437519	10.42
chr2,168766420,168767218	chr2,68277714,68278175	19.06
chr2,168766420,168767218	chr2,76088279,76088731	14.68
chr2,168766420,168767218	chr2,80030250,80030667	89.12
chr2,168766420,168767218	chr2,90251825,90252011	62.67
chr2,168766420,168767218	chr2,92523194,92523497	6.37
chr2,168766420,168767218	chr2,98237509,98237970	6.38
chr2,168766420,168767218	chr2,104966685,104967055	139.45
chr2,168766420,168767218	chr2,107853504,107854023	162.68
chr2,168766420,168767218	chr2,109963950,109964346	6.42
chr2,168766420,168767218	chr2,112670625,112671350	23.59
chr2,168766420,168767218	chr2,117772098,117773411	192.35
chr2,168766420,168767218	chr2,124811342,124811671	10.62
chr2,168766420,168767218	chr2,125624307,125624945	14.87
chr2,168766420,168767218	chr2,127428293,127428399	37.84
chr2,168766420,168767218	chr2,130985965,130986170	28.42
chr2,168766420,168767218	chr2,141613600,141614672	19.49
chr2,168766420,168767218	chr2,145312138,145312841	33.55
chr2,168766420,168767218	chr2,150135529,150136135	7.42
chr2,168766420,168767218	chr2,150988219,150988640	11.38
chr2,168766420,168767218	chr2,154001321,154002045	43.61
chr2,168766420,168767218	chr2,155788498,155788663	126.35
chr2,168766420,168767218	chr2,159115020,159115129	16.58
chr2,168766420,168767218	chr2,159316158,159316827	18.49
chr2,168766420,168767218	chr2,160704350,160704583	15.06
chr2,168766420,168767218	chr2,163047912,163048022	20.95
chr2,168766420,168767218	chr2,163103942,163105564	9.3
chr2,168766420,168767218	chr2,165055694,165055851	5.18
chr2,168766420,168767218	chr2,165834322,165834511	16.67
chr2,168766420,168767218	chr2,166887451,166887661	5.85
chr2,168766420,168767218	chr2,167693517,167694856	5.36
chr2,168766420,168767218	chr2,167752867,167755294	7.88
chr2,168766420,168767218	chr2,168315014,168315280	6.51
chr2,168766420,168767218	chr2,168374060,168374372	5.21
chr2,168766420,168767218	chr2,168424537,168424916	5.18
chr2,168766420,168767218	chr2,168464208,168465056	7.15
chr2,168766420,168767218	chr2,168653599,168653783	5.88
chr2,168766420,168767218	chr2,168711000,168711303	5.1
chr2,168766420,168767218	chr2,168736020,168736269	5.22
chr2,168766420,168767218	chr2,168798987,168799765	5.11
chr2,168766420,168767218	chr2,168912012,168912665	5.21
chr2,168766420,168767218	chr2,168996118,168996552	5.04
chr2,168766420,168767218	chr2,169035916,169036321	6.83
chr2,168766420,168767218	chr2,169078151,169079676	6.82
chr2,168766420,168767218	chr2,169365768,169365906	5.24
chr2,168766420,168767218	chr2,169532480,169532827	10.57
chr2,168766420,168767218	chr2,169564875,169565048	5.02
chr2,168766420,168767218	chr2,170138168,170138683	9.09
chr2,168766420,168767218	chr2,170929378,170930056	13.06
chr2,168766420,168767218	chr2,171341213,171341548	15.66
chr2,168766420,168767218	chr2,172897288,172898255	13.36
chr2,168766420,168767218	chr2,174472235,174472626	26.58
chr2,168766420,168767218	chr2,174761920,174762582	27.41
chr2,168766420,168767218	chr2,174864713,174865287	6.45
chr2,168766420,168767218	chr2,178093409,178094113	76.82
chr2,168766420,168767218	chr2,179787845,179788381	20.02
chr2,168766420,168767218	chr2,180124935,180125204	10.69
chr2,168766420,168767218	chr2,180756337,180756565	16.02
chr2,168766420,168767218	chr2,181447289,181447888	16.42
chr2,168766420,168767218	chr3,83855191,83855335	19.03
chr2,168766420,168767218	chr3,145821604,145821732	19.03
chr2,168766420,168767218	chr4,134498630,134499977	42.48
chr2,168766420,168767218	chr4,149074505,149075057	19.03
chr2,168766420,168767218	chr4,155614968,155615350	78.36
chr2,168766420,168767218	chr5,123460393,123460984	37.61
chr2,168766420,168767218	chr5,133786676,133787349	14.65
chr2,168766420,168767218	chr5,136239630,136240104	6.31
chr2,168766420,168767218	chr5,146134850,146136240	14.65
chr2,168766420,168767218	chr6,143292605,143292909	10.4
chr2,168766420,168767218	chr7,12734753,12734951	19.03
chr2,168766420,168767218	chr7,111276139,111276757	62.63
chr2,168766420,168767218	chr7,125517015,125517688	6.31
chr2,168766420,168767218	chr7,131281187,131281524	14.65
chr2,168766420,168767218	chr7,140398725,140400083	6.31
chr2,168766420,168767218	chr8,24651465,24651913	6.31
chr2,168766420,168767218	chrX,22282603,22282859	14.65
chr2,168766420,168767218	chrX,151164585,151166684	10.4
chr3,34648729,34650279	chr1,190451410,190451521	73.06
chr3,34648729,34650279	chr10,30081149,30081637	28.13
chr3,34648729,34650279	chr11,24764830,24765997	14.65
chr3,34648729,34650279	chr11,54168033,54169151	6.31
chr3,34648729,34650279	chr11,112280379,112280723	32.83
chr3,34648729,34650279	chr11,116579428,116579654	23.53
chr3,34648729,34650279	chr14,46566941,46568072	28.13
chr3,34648729,34650279	chr15,17589427,17589664	116.68
chr3,34648729,34650279	chr15,40786479,40786642	6.31
chr3,34648729,34650279	chr15,91577034,91577188	122.31
chr3,34648729,34650279	chr16,29586302,29586551	10.4
chr3,34648729,34650279	chr16,87796576,87796970	6.31
chr3,34648729,34650279	chr17,73154162,73154599	6.31
chr3,34648729,34650279	chr19,58926349,58926734	186.35
chr3,34648729,34650279	chr2,118289939,118290071	52.43
chr3,34648729,34650279	chr3,5852694,5853143	23.49
chr3,34648729,34650279	chr3,13916435,13917234	11.13
chr3,34648729,34650279	chr3,20628795,20630595	7.49
chr3,34648729,34650279	chr3,25980200,25980468	6.69
chr3,34648729,34650279	chr3,26164866,26165101	10.4
chr3,34648729,34650279	chr3,26581785,26581909	16.96
chr3,34648729,34650279	chr3,29475440,29476292	16.15
chr3,34648729,34650279	chr3,29790791,29793045	6.34
chr3,34648729,34650279	chr3,30518265,30519323	7.84
chr3,34648729,34650279	chr3,31408104,31408842	5.97
chr3,34648729,34650279	chr3,31721488,31721692	6.39
chr3,34648729,34650279	chr3,32218006,32218315	11.94
chr3,34648729,34650279	chr3,32355700,32356177	11.9
chr3,34648729,34650279	chr3,32583559,32583901	6.86
chr3,34648729,34650279	chr3,32585487,32587128	7.33
chr3,34648729,34650279	chr3,33561296,33561917	5.9
chr3,34648729,34650279	chr3,33828963,33829769	6.02
chr3,34648729,34650279	chr3,34271175,34271426	6.17
chr3,34648729,34650279	chr3,34484227,34484741	5.07
chr3,34648729,34650279	chr3,34529306,34530037	5.58
chr3,34648729,34650279	chr3,34717309,34717712	5.21
chr3,34648729,34650279	chr3,34796838,34797844	5.08
chr3,34648729,34650279	chr3,34821652,34821754	6.41
chr3,34648729,34650279	chr3,34915671,34916362	5.4
chr3,34648729,34650279	chr3,35136852,35137206	6.91
chr3,34648729,34650279	chr3,35271424,35271569	5.26
chr3,34648729,34650279	chr3,35486417,35486697	9.15
chr3,34648729,34650279	chr3,35506571,35506960	6.78
chr3,34648729,34650279	chr3,38674447,38674666	6.73
chr3,34648729,34650279	chr3,39502082,39503442	8.68
chr3,34648729,34650279	chr3,40421997,40422459	5.56
chr3,34648729,34650279	chr3,41603793,41603979	12.39
chr3,34648729,34650279	chr3,47611423,47611617	7.45
chr3,34648729,34650279	chr3,54735112,54735901	11.14
chr3,34648729,34650279	chr3,57940359,57940860	78.69
chr3,34648729,34650279	chr3,59278309,59279232	22.83
chr3,34648729,34650279	chr3,61292681,61293589	89.33
chr3,34648729,34650279	chr3,78271297,78271420	10.62
chr3,34648729,34650279	chr3,80384594,80385970	6.51
chr3,34648729,34650279	chr3,87495814,87496633	23.65
chr3,34648729,34650279	chr3,91207596,91207837	78.43
chr3,34648729,34650279	chr3,109420882,109421020	19.09
chr3,34648729,34650279	chr3,118020031,118020246	62.66
chr3,34648729,34650279	chr3,139866564,139867320	6.33
chr3,34648729,34650279	chr3,157608576,157609056	19.05
chr3,34648729,34650279	chr4,123579390,123579604	6.31
chr3,34648729,34650279	chr5,36766049,36766256	14.65
chr3,34648729,34650279	chr5,40119346,40119457	10.4
chr3,34648729,34650279	chr5,62557983,62559824	19.03
chr3,34648729,34650279	chr7,105520891,105521256	6.31
chr4,55531324,55531996	chr1,49709252,49710250	6.31
chr4,55531324,55531996	chr10,47313587,47313806	62.63
chr4,55531324,55531996	chr10,119135942,119136424	32.83
chr4,55531324,55531996	chr12,21347648,21348047	14.65
chr4,55531324,55531996	chr13,98352187,98352698	6.31
chr4,55531324,55531996	chr13,110037798,110038445	14.65
chr4,55531324,55531996	chr14,21741867,21742364	28.13
chr4,55531324,55531996	chr14,105700543,105700780	10.4
chr4,55531324,55531996	chr16,33180007,33180151	32.83
chr4,55531324,55531996	chr16,38016653,38017351	6.31
chr4,55531324,55531996	chr17,66649229,66649638	57.5
chr4,55531324,55531996	chr3,24430904,24431689	19.03
chr4,55531324,55531996	chr4,11009542,11009700	10.61
chr4,55531324,55531996	chr4,26286025,26286155	6.84
chr4,55531324,55531996	chr4,35985382,35985576	43.36
chr4,55531324,55531996	chr4,36707593,36710358	7.41
chr4,55531324,55531996	chr4,41639869,41640552	53.4
chr4,55531324,55531996	chr4,44102851,44103148	10.76
chr4,55531324,55531996	chr4,45605265,45605414	7.67
chr4,55531324,55531996	chr4,45841959,45842849	67.35
chr4,55531324,55531996	chr4,47904684,47904874	7.11
chr4,55531324,55531996	chr4,54853979,54854813	6.23
chr4,55531324,55531996	chr4,55393602,55394037	5.28
chr4,55531324,55531996	chr4,55394947,55396612	5.65
chr4,55531324,55531996	chr4,55411355,55411944	5.27
chr4,55531324,55531996	chr4,55421752,55421992	5.29
chr4,55531324,55531996	chr4,55575079,55575720	5.25
chr4,55531324,55531996	chr4,55645528,55646374	5.31
chr4,55531324,55531996	chr4,55648857,55649133	5.93
chr4,55531324,55531996	chr4,55662633,55663039	5.4
chr4,55531324,55531996	chr4,55697375,55697851	5.01
chr4,55531324,55531996	chr4,55722185,55722377	5.29
chr4,55531324,55531996	chr4,55736190,55736499	5
chr4,55531324,55531996	chr4,55770918,55771124	5.92
chr4,55531324,55531996	chr4,55819401,55819753	7.65
chr4,55531324,55531996	chr4,55885107,55885558	7.3
chr4,55531324,55531996	chr4,56049064,56049497	5.6
chr4,55531324,55531996	chr4,56362491,56362802	7.85
chr4,55531324,55531996	chr4,56507244,56507585	6.13
chr4,55531324,55531996	chr4,56743966,56744382	6.78
chr4,55531324,55531996	chr4,57412502,57412618	5.89
chr4,55531324,55531996	chr4,63331078,63332105	60.95
chr4,55531324,55531996	chr4,74353365,74353505	11.36
chr4,55531324,55531996	chr4,82393111,82393714	15.21
chr4,55531324,55531996	chr4,83263782,83265176	6.9
chr4,55531324,55531996	chr4,88232219,88232503	6.73
chr4,55531324,55531996	chr4,108873374,108873772	6.45
chr4,55531324,55531996	chr4,115011622,115012043	23.61
chr4,55531324,55531996	chr4,125292347,125292471	52.49
chr4,55531324,55531996	chr4,126982330,126982490	10.47
chr4,55531324,55531996	chr4,138912751,138913700	14.69
chr4,55531324,55531996	chr4,143245540,143246585	6.35
chr4,55531324,55531996	chr4,144894745,144895281	10.44
chr4,55531324,55531996	chr4,149222351,149222645	32.86
chr4,55531324,55531996	chr5,25890634,25891517	6.31
chr4,55531324,55531996	chr8,42124618,42125888	14.65
chr4,55531324,55531996	chr9,85342622,85343256	10.4
chr4,55531324,55531996	chrX,95049522,95049666	73.06
chr6,122339268,122340303	chr1,64302776,64304221	73.06
chr6,122339268,122340303	chr10,64365018,64365287	32.83
chr6,122339268,122340303	chr10,76883153,76884034	116.68
chr6,122339268,122340303	chr10,94012566,94012827	94.53
chr6,122339268,122340303	chr10,102385677,102386636	28.13
chr6,122339268,122340303	chr10,119150970,119151557	19.03
chr6,122339268,122340303	chr11,83451447,83452290	14.65
chr6,122339268,122340303	chr11,88278494,88279134	32.83
chr6,122339268,122340303	chr12,90915274,90915520	94.53
chr6,122339268,122340303	chr13,96292866,96292995	10.4
chr6,122339268,122340303	chr15,46119714,46120060	83.7
chr6,122339268,122340303	chr15,57089691,57089807	23.53
chr6,122339268,122340303	chr15,61528673,61529232	10.4
chr6,122339268,122340303	chr16,14350402,14351049	6.31
chr6,122339268,122340303	chr16,90526028,90526402	6.31
chr6,122339268,122340303	chr16,91040776,91041341	14.65
chr6,122339268,122340303	chr17,7833423,7833832	23.53
chr6,122339268,122340303	chr17,17539704,17540110	10.4
chr6,122339268,122340303	chr17,87086760,87086983	10.4
chr6,122339268,122340303	chr19,50318081,50318425	150.97
chr6,122339268,122340303	chr2,103139272,103139802	62.63
chr6,122339268,122340303	chr2,118851050,118851678	89.09
chr6,122339268,122340303	chr2,125036393,125036981	37.61
chr6,122339268,122340303	chr2,156716913,156718210	14.65
chr6,122339268,122340303	chr2,168264854,168264995	6.31
chr6,122339268,122340303	chr3,38234129,38234538	78.36
chr6,122339268,122340303	chr3,94473886,94474040	14.65
chr6,122339268,122340303	chr3,121102540,121103242	32.83
chr6,122339268,122340303	chr3,153603177,153603686	127.98
chr6,122339268,122340303	chr4,7172769,7174315	23.53
chr6,122339268,122340303	chr4,86812688,86812814	10.4
chr6,122339268,122340303	chr6,3477099,3477435	10.42
chr6,122339268,122340303	chr6,17303606,17303871	47.44
chr6,122339268,122340303	chr6,33304915,33305297	145.2
chr6,122339268,122340303	chr6,40247671,40248306	47.46
chr6,122339268,122340303	chr6,41075062,41076165	6.36
chr6,122339268,122340303	chr6,41867544,41868113	23.6
chr6,122339268,122340303	chr6,47900997,47901450	94.58
chr6,122339268,122340303	chr6,56876952,56877608	105.59
chr6,122339268,122340303	chr6,59301939,59302251	10.5
chr6,122339268,122340303	chr6,61247372,61247862	23.65
chr6,122339268,122340303	chr6,65970410,65970835	52.54
chr6,122339268,122340303	chr6,66971744,66972007	47.53
chr6,122339268,122340303	chr6,74927869,74928445	33.01
chr6,122339268,122340303	chr6,84320100,84320387	10.71
chr6,122339268,122340303	chr6,85904764,85904982	10.74
chr6,122339268,122340303	chr6,89089806,89090269	84.04
chr6,122339268,122340303	chr6,92253870,92254038	38.09
chr6,122339268,122340303	chr6,94794560,94794937	15.23
chr6,122339268,122340303	chr6,95713928,95714369	48
chr6,122339268,122340303	chr6,96009320,96009484	100.47
chr6,122339268,122340303	chr6,96035129,96035463	15.28
chr6,122339268,122340303	chr6,100875627,100878179	23.94
chr6,122339268,122340303	chr6,101093989,101094227	7.26
chr6,122339268,122340303	chr6,102455736,102456722	43.43
chr6,122339268,122340303	chr6,106758027,106758819	122.66
chr6,122339268,122340303	chr6,107033726,107034396	11.73
chr6,122339268,122340303	chr6,108814983,108815234	21.43
chr6,122339268,122340303	chr6,116902352,116902865	8.85
chr6,122339268,122340303	chr6,117706617,117708303	9.68
chr6,122339268,122340303	chr6,118603726,118603921	7.38
chr6,122339268,122340303	chr6,119079609,119079752	6.91
chr6,122339268,122340303	chr6,119377103,119377765	122.82
chr6,122339268,122340303	chr6,119777300,119778264	29.45
chr6,122339268,122340303	chr6,120264950,120265370	7.13
chr6,122339268,122340303	chr6,120669583,120669819	6.47
chr6,122339268,122340303	chr6,121171051,121171676	11.76
chr6,122339268,122340303	chr6,121271042,121271929	9.95
chr6,122339268,122340303	chr6,121278138,121278413	5.3
chr6,122339268,122340303	chr6,121779979,121780693	7.09
chr6,122339268,122340303	chr6,121793399,121793757	10.43
chr6,122339268,122340303	chr6,122258163,122259046	5.92
chr6,122339268,122340303	chr6,122580230,122580438	7.64
chr6,122339268,122340303	chr6,122652929,122654224	5.32
chr6,122339268,122340303	chr6,122675411,122676161	7.1
chr6,122339268,122340303	chr6,122849355,122850064	6.63
chr6,122339268,122340303	chr6,122856024,122856131	5.67
chr6,122339268,122340303	chr6,124105566,124106182	9.5
chr6,122339268,122340303	chr6,124600695,124601092	8.96
chr6,122339268,122340303	chr6,124660332,124661188	7.55
chr6,122339268,122340303	chr6,124690116,124691095	15.17
chr6,122339268,122340303	chr6,125131820,125132015	5.43
chr6,122339268,122340303	chr6,128598601,128599588	13.13
chr6,122339268,122340303	chr6,130379374,130379608	8.04
chr6,122339268,122340303	chr6,134829148,134829880	15.03
chr6,122339268,122340303	chr6,135297556,135297666	11.76
chr6,122339268,122340303	chr6,135536306,135537286	116.79
chr6,122339268,122340303	chr6,136191454,136192910	58.73
chr6,122339268,122340303	chr6,136399672,136400861	21.74
chr6,122339268,122340303	chr6,137531608,137532914	27.2
chr6,122339268,122340303	chr6,139578233,139578356	89.88
chr6,122339268,122340303	chr6,140138923,140139518	7.55
chr6,122339268,122340303	chr6,142996552,142997269	11.37
chr6,122339268,122340303	chr6,145345277,145345811	7.15
chr6,122339268,122340303	chr6,145702219,145702870	33.6
chr6,122339268,122340303	chr6,147048406,147048898	11.13
chr6,122339268,122340303	chr7,124822508,124823986	6.31
chr6,122339268,122340303	chr9,112176789,112177881	10.4
chr6,122339268,122340303	chrX,165666034,165666484	10.4
chr6,122707354,122707701	chr1,80621418,80621783	23.53
chr6,122707354,122707701	chr10,87364858,87365056	23.53
chr6,122707354,122707701	chr13,12313423,12314057	47.42
chr6,122707354,122707701	chr14,106541496,106542063	10.4
chr6,122707354,122707701	chr16,80587176,80588142	32.83
chr6,122707354,122707701	chr3,10971959,10972617	42.48
chr6,122707354,122707701	chr4,75975163,75975456	111.08
chr6,122707354,122707701	chr6,6883399,6883904	10.42
chr6,122707354,122707701	chr6,8319937,8320114	6.33
chr6,122707354,122707701	chr6,48460722,48460840	52.48
chr6,122707354,122707701	chr6,48905525,48905859	94.58
chr6,122707354,122707701	chr6,54035878,54036383	47.49
chr6,122707354,122707701	chr6,58777934,58778124	122.38
chr6,122707354,122707701	chr6,61848274,61849205	83.79
chr6,122707354,122707701	chr6,72244237,72244467	6.47
chr6,122707354,122707701	chr6,74689354,74690594	14.83
chr6,122707354,122707701	chr6,76839323,76839937	33.02
chr6,122707354,122707701	chr6,80368134,80369618	6.55
chr6,122707354,122707701	chr6,84953241,84953877	10.72
chr6,122707354,122707701	chr6,101555873,101556152	15.55
chr6,122707354,122707701	chr6,103914048,103914479	38.68
chr6,122707354,122707701	chr6,107013286,107013862	38.95
chr6,122707354,122707701	chr6,107478348,107478476	74.13
chr6,122707354,122707701	chr6,108522516,108522959	43.91
chr6,122707354,122707701	chr6,111337564,111337980	17.78
chr6,122707354,122707701	chr6,113874215,113874613	11.16
chr6,122707354,122707701	chr6,114235991,114236322	58.49
chr6,122707354,122707701	chr6,115355113,115355395	8.08
chr6,122707354,122707701	chr6,117711802,117712306	7.12
chr6,122707354,122707701	chr6,118011070,118011641	6.95
chr6,122707354,122707701	chr6,118181957,118182151	6.85
chr6,122707354,122707701	chr6,120604370,120605063	11.79
chr6,122707354,122707701	chr6,120721409,120721804	5.81
chr6,122707354,122707701	chr6,121463102,121463513	5.6
chr6,122707354,122707701	chr6,121565412,121565989	5.51
chr6,122707354,122707701	chr6,122592948,122594211	5.14
chr6,122707354,122707701	chr6,122802676,122803896	5.41
chr6,122707354,122707701	chr6,122805493,122805853	5.05
chr6,122707354,122707701	chr6,122843403,122844767	5.36
chr6,122707354,122707701	chr6,122917875,122918108	5.23
chr6,122707354,122707701	chr6,122928576,122928976	7.19
chr6,122707354,122707701	chr6,122933509,122933776	5.26
chr6,122707354,122707701	chr6,122964763,122965137	5.78
chr6,122707354,122707701	chr6,123891211,123891756	5.1
chr6,122707354,122707701	chr6,124106386,124107343	5.76
chr6,122707354,122707701	chr6,124390770,124390944	7.91
chr6,122707354,122707701	chr6,125745064,125745657	9.1
chr6,122707354,122707701	chr6,128070375,128071117	29.68
chr6,122707354,122707701	chr6,128132529,128132726	5.24
chr6,122707354,122707701	chr6,131423681,131424038	11.12
chr6,122707354,122707701	chr8,56501480,56501809	73.06
chr8,72317488,72319340	chr1,7166775,7167855	6.31
chr8,72317488,72319340	chr1,89023861,89024045	10.4
chr8,72317488,72319340	chr10,18575802,18576223	23.53
chr8,72317488,72319340	chr11,29222669,29222999	28.13
chr8,72317488,72319340	chr11,85506556,85506666	6.31
chr8,72317488,72319340	chr11,97418232,97418407	6.31
chr8,72317488,72319340	chr11,119647960,119648382	6.31
chr8,72317488,72319340	chr11,120889389,120889839	14.65
chr8,72317488,72319340	chr12,83558739,83559832	83.7
chr8,72317488,72319340	chr12,119274378,119278365	14.65
chr8,72317488,72319340	chr13,99020282,99022690	10.4
chr8,72317488,72319340	chr14,21659155,21659702	14.65
chr8,72317488,72319340	chr14,96455749,96456162	6.31
chr8,72317488,72319340	chr15,75226001,75226258	10.4
chr8,72317488,72319340	chr16,18008002,18009480	19.03
chr8,72317488,72319340	chr16,95437725,95438272	10.4
chr8,72317488,72319340	chr17,28531033,28531363	6.31
chr8,72317488,72319340	chr17,74714743,74714910	6.31
chr8,72317488,72319340	chr19,20717640,20719207	19.03
chr8,72317488,72319340	chr19,41754407,41754671	37.61
chr8,72317488,72319340	chr19,45096380,45098906	6.31
chr8,72317488,72319340	chr2,10297165,10297495	222.63
chr8,72317488,72319340	chr2,136508962,136509526	6.31
chr8,72317488,72319340	chr2,156778668,156778922	6.31
chr8,72317488,72319340	chr2,167930154,167930281	6.31
chr8,72317488,72319340	chr3,41737092,41737318	52.43
chr8,72317488,72319340	chr4,8800005,8800113	19.03
chr8,72317488,72319340	chr4,82372159,82372482	10.4
chr8,72317488,72319340	chr4,95701888,95702149	6.31
chr8,72317488,72319340	chr4,108413889,108414623	14.65
chr8,72317488,72319340	chr5,116795813,116796018	42.48
chr8,72317488,72319340	chr6,29951378,29951672	10.4
chr8,72317488,72319340	chr6,33240396,33240726	28.13
chr8,72317488,72319340	chr6,115876474,115877275	19.03
chr8,72317488,72319340	chr6,129093262,129093498	28.13
chr8,72317488,72319340	chr6,145185397,145185588	28.13
chr8,72317488,72319340	chr8,8047040,8047285	14.74
chr8,72317488,72319340	chr8,11318514,11318841	32.92
chr8,72317488,72319340	chr8,11655174,11655807	32.93
chr8,72317488,72319340	chr8,22464011,22465261	57.64
chr8,72317488,72319340	chr8,35105897,35106489	19.34
chr8,72317488,72319340	chr8,67273309,67273488	14.18
chr8,72317488,72319340	chr8,67966048,67966732	19.32
chr8,72317488,72319340	chr8,68793603,68794105	9.12
chr8,72317488,72319340	chr8,69240187,69240737	26.83
chr8,72317488,72319340	chr8,70138146,70138517	17.46
chr8,72317488,72319340	chr8,70434200,70435124	8.89
chr8,72317488,72319340	chr8,71633041,71633183	5.6
chr8,72317488,72319340	chr8,71955179,71955503	5.91
chr8,72317488,72319340	chr8,72092141,72092952	5.24
chr8,72317488,72319340	chr8,72148795,72148997	5.22
chr8,72317488,72319340	chr8,72360896,72362103	5.85
chr8,72317488,72319340	chr8,72577462,72578791	5.01
chr8,72317488,72319340	chr8,74291387,74291734	13.81
chr8,72317488,72319340	chr8,75236762,75237432	5.29
chr8,72317488,72319340	chr8,79050536,79050697	65.67
chr8,72317488,72319340	chr8,84757932,84758910	25.47
chr8,72317488,72319340	chr8,84810371,84811013	58.65
chr8,72317488,72319340	chr8,85442718,85442972	11.62
chr8,72317488,72319340	chr8,87955558,87956709	11.64
chr8,72317488,72319340	chr8,90110732,90111449	15.55
chr8,72317488,72319340	chr8,95927947,95928588	84.27
chr8,72317488,72319340	chr8,104392274,104392697	28.56
chr8,72317488,72319340	chr8,107451917,107452040	15.01
chr8,72317488,72319340	chr8,109717998,109718404	62.91
chr8,72317488,72319340	chr8,110662029,110662688	28.42
chr8,72317488,72319340	chr8,110700620,110701643	10.7
chr8,72317488,72319340	chr8,111753308,111753715	133.84
chr8,72317488,72319340	chr8,113555847,113556225	105.71
chr8,72317488,72319340	chr8,119531095,119531774	19.21
chr8,72317488,72319340	chr8,119576672,119577268	67.98
chr8,72317488,72319340	chr8,120494940,120496299	6.49
chr8,72317488,72319340	chr8,123986367,123986644	234.93
chr8,72317488,72319340	chr8,125835364,125835625	10.54
chr8,72317488,72319340	chr8,126152961,126153527	6.45
chr8,72317488,72319340	chr9,64932810,64933607	23.53
chr8,72317488,72319340	chr9,109095580,109095725	14.65
chr8,72317488,72319340	chrX,84070249,84070539	19.03
chr8,72317488,72319340	chrX,113831838,113831974	57.5
chr8,72317488,72319340	chrX,154445953,154446064	133.68
chr9,78368132,78368522	chr1,170433159,170433726	6.31
chr9,78368132,78368522	chr10,125758822,125759216	6.31
chr9,78368132,78368522	chr10,127618388,127619793	10.4
chr9,78368132,78368522	chr11,95388545,95389236	6.31
chr9,78368132,78368522	chr13,25074032,25074430	19.03
chr9,78368132,78368522	chr13,78544451,78545396	73.06
chr9,78368132,78368522	chr14,47161900,47162085	10.4
chr9,78368132,78368522	chr18,38287013,38288099	14.65
chr9,78368132,78368522	chr3,89034982,89035852	6.31
chr9,78368132,78368522	chr4,105675083,105675798	6.31
chr9,78368132,78368522	chr5,121932864,121932986	78.36
chr9,78368132,78368522	chr6,53689440,53689983	28.13
chr9,78368132,78368522	chr7,101135564,101136247	62.63
chr9,78368132,78368522	chr8,76901272,76901599	6.31
chr9,78368132,78368522	chr8,107001025,107001473	6.31
chr9,78368132,78368522	chr9,21862296,21863526	23.63
chr9,78368132,78368522	chr9,22367108,22367280	14.78
chr9,78368132,78368522	chr9,23792415,23792698	6.45
chr9,78368132,78368522	chr9,47819416,47819738	10.9
chr9,78368132,78368522	chr9,57097222,57098068	15.61
chr9,78368132,78368522	chr9,57562864,57563823	7.32
chr9,78368132,78368522	chr9,64982086,64982470	44.19
chr9,78368132,78368522	chr9,67693399,67693683	26.31
chr9,78368132,78368522	chr9,71735572,71735909	5.7
chr9,78368132,78368522	chr9,73461467,73461995	6.01
chr9,78368132,78368522	chr9,74963827,74964589	5.88
chr9,78368132,78368522	chr9,75348046,75348241	22.07
chr9,78368132,78368522	chr9,76074046,76074430	6.63
chr9,78368132,78368522	chr9,77371114,77372571	12.04
chr9,78368132,78368522	chr9,77875868,77876650	9.28
chr9,78368132,78368522	chr9,77898776,77899360	5.72
chr9,78368132,78368522	chr9,78094717,78095192	7.54
chr9,78368132,78368522	chr9,78225933,78226191	5.83
chr9,78368132,78368522	chr9,78245117,78245513	6.14
chr9,78368132,78368522	chr9,78418352,78418846	5.04
chr9,78368132,78368522	chr9,78514750,78515314	5.53
chr9,78368132,78368522	chr9,79844294,79846454	5.8
chr9,78368132,78368522	chr9,93762099,93762393	16.13
chr9,78368132,78368522	chr9,99111972,99112129	15.65
chr9,78368132,78368522	chr9,101976920,101977973	58.27
chr9,78368132,78368522	chr9,106029800,106030159	48
chr9,78368132,78368522	chr9,119759797,119760178	6.57
