chr1,118628128,118629090	chr1,59096217,59096754	15.42
chr1,118628128,118629090	chr1,65862639,65863004	34.02
chr1,118628128,118629090	chr1,84292442,84292858	54.24
chr1,118628128,118629090	chr1,84839558,84839952	34.28
chr1,118628128,118629090	chr1,96518677,96519185	7.7
chr1,118628128,118629090	chr1,97931834,97931945	7.81
chr1,118628128,118629090	chr1,98586895,98587028	20.86
chr1,118628128,118629090	chr1,98706202,98707707	34.95
chr1,118628128,118629090	chr1,104593626,104594287	8.55
chr1,118628128,118629090	chr1,106759304,106759673	35.95
chr1,118628128,118629090	chr1,106830917,106831232	26.02
chr1,118628128,118629090	chr1,107981620,107981858	25.91
chr1,118628128,118629090	chr1,112797270,112797427	56.34
chr1,118628128,118629090	chr1,112896798,112896967	17.94
chr1,118628128,118629090	chr1,114415150,114417178	6.6
chr1,118628128,118629090	chr1,114721306,114722049	6.55
chr1,118628128,118629090	chr1,116531358,116531902	9.6
chr1,118628128,118629090	chr1,117559575,117559971	5.16
chr1,118628128,118629090	chr1,118231845,118232536	6.11
chr1,118628128,118629090	chr1,118461656,118461816	5.67
chr1,118628128,118629090	chr1,118514435,118515582	5.17
chr1,118628128,118629090	chr1,118794521,118795733	5.98
chr1,118628128,118629090	chr1,118882063,118883291	7.66
chr1,118628128,118629090	chr1,118925247,118925383	5.56
chr1,118628128,118629090	chr1,118950468,118950781	6.21
chr1,118628128,118629090	chr1,119077700,119078446	5.93
chr1,118628128,118629090	chr1,119192430,119193641	5.72
chr1,118628128,118629090	chr1,119226385,119226719	7.13
chr1,118628128,118629090	chr1,119520642,119521434	6.35
chr1,118628128,118629090	chr1,119873085,119873228	6.48
chr1,118628128,118629090	chr1,119891067,119891375	5.32
chr1,118628128,118629090	chr1,119920871,119922603	7.16
chr1,118628128,118629090	chr1,120511520,120512535	8.94
chr1,118628128,118629090	chr1,122210974,122211553	10.28
chr1,118628128,118629090	chr1,124344304,124345028	9.89
chr1,118628128,118629090	chr1,124712689,124712994	23.53
chr1,118628128,118629090	chr1,126652187,126652720	5.8
chr1,118628128,118629090	chr1,133057807,133058035	17
chr1,118628128,118629090	chr1,136650532,136650931	35.13
chr1,118628128,118629090	chr1,136968436,136969047	12.21
chr1,118628128,118629090	chr1,138137004,138138036	12.1
chr1,118628128,118629090	chr1,142102555,142102695	16.14
chr1,118628128,118629090	chr1,152299558,152300169	7.19
chr1,118628128,118629090	chr1,154124740,154124841	29.45
chr1,118628128,118629090	chr1,155185391,155186430	29.42
chr1,118628128,118629090	chr1,157400874,157401042	11.27
chr1,118628128,118629090	chr1,159425637,159426982	7.05
chr1,118628128,118629090	chr1,161285515,161285709	11.21
chr1,118628128,118629090	chr1,162637357,162639079	29.31
chr1,118628128,118629090	chr1,163333411,163333533	11.19
chr1,118628128,118629090	chr1,166120068,166120539	19.98
chr1,118628128,118629090	chr1,169583037,169583492	24.54
chr1,118628128,118629090	chr1,169973805,169974363	29.24
chr1,118628128,118629090	chr1,195023523,195023931	15.37
chr1,118628128,118629090	chr10,117409973,117411914	19.79
chr1,118628128,118629090	chr11,58605415,58605953	33.87
chr1,118628128,118629090	chr12,89222434,89222591	6.78
chr1,118628128,118629090	chr12,105447549,105448011	6.78
chr1,118628128,118629090	chr13,16974712,16975032	10.97
chr1,118628128,118629090	chr13,96768244,96769309	38.76
chr1,118628128,118629090	chr14,31908815,31909511	15.31
chr1,118628128,118629090	chr19,40927931,40928313	10.97
chr1,118628128,118629090	chr3,65270939,65271299	10.97
chr1,118628128,118629090	chr4,106114369,106114837	6.78
chr1,118628128,118629090	chr5,99616491,99618019	19.79
chr1,118628128,118629090	chr6,86695206,86695339	15.31
chr1,118628128,118629090	chr8,15424101,15424205	10.97
chr1,118628128,118629090	chr8,93748975,93749171	15.31
chr1,118628128,118629090	chr8,124508341,124509234	10.97
chr11,100938874,100939386	chr1,123281342,123281887	10.97
chr11,100938874,100939386	chr1,127732280,127732726	24.38
chr11,100938874,100939386	chr10,68444370,68445217	19.79
chr11,100938874,100939386	chr10,76297293,76297451	24.38
chr11,100938874,100939386	chr10,76394832,76395010	10.97
chr11,100938874,100939386	chr11,29636320,29637044	11.04
chr11,100938874,100939386	chr11,60412881,60413033	11.24
chr11,100938874,100939386	chr11,72040249,72041882	20.32
chr11,100938874,100939386	chr11,73190305,73190711	24.9
chr11,100938874,100939386	chr11,76182217,76184464	16.02
chr11,100938874,100939386	chr11,78914275,78914456	11.85
chr11,100938874,100939386	chr11,84074704,84074932	23.59
chr11,100938874,100939386	chr11,87082646,87083002	18.75
chr11,100938874,100939386	chr11,87412212,87412400	8.38
chr11,100938874,100939386	chr11,90668130,90668451	8.31
chr11,100938874,100939386	chr11,98110559,98110769	12.82
chr11,100938874,100939386	chr11,100101747,100101924	7.33
chr11,100938874,100939386	chr11,100475763,100475891	5.81
chr11,100938874,100939386	chr11,100490770,100490966	5.26
chr11,100938874,100939386	chr11,100547799,100548355	5.5
chr11,100938874,100939386	chr11,100648115,100648579	5.03
chr11,100938874,100939386	chr11,100868104,100868586	5.43
chr11,100938874,100939386	chr11,100885277,100885873	5.29
chr11,100938874,100939386	chr11,101122875,101123015	5.61
chr11,100938874,100939386	chr11,101931288,101931629	5.32
chr11,100938874,100939386	chr11,101974067,101974811	5.54
chr11,100938874,100939386	chr11,108528815,108529263	9.47
chr11,100938874,100939386	chr11,116337666,116338192	12.21
chr11,100938874,100939386	chr11,117236994,117238246	19.89
chr11,100938874,100939386	chr11,117832910,117833228	16.22
chr11,100938874,100939386	chr11,117924278,117925049	20.09
chr11,100938874,100939386	chr11,119021829,119022391	54.86
chr11,100938874,100939386	chr11,121595701,121595859	91.88
chr11,100938874,100939386	chr12,8777974,8778182	6.78
chr11,100938874,100939386	chr12,87395719,87396329	15.31
chr11,100938874,100939386	chr13,63644347,63645533	15.31
chr11,100938874,100939386	chr13,114380416,114380984	10.97
chr11,100938874,100939386	chr14,57428395,57428724	33.87
chr11,100938874,100939386	chr14,100035541,100035893	43.72
chr11,100938874,100939386	chr15,75950973,75951277	24.38
chr11,100938874,100939386	chr15,79694262,79694649	19.79
chr11,100938874,100939386	chr15,82791711,82792576	29.08
chr11,100938874,100939386	chr15,89167210,89168240	38.76
chr11,100938874,100939386	chr15,98153770,98154610	10.97
chr11,100938874,100939386	chr15,98664082,98664623	19.79
chr11,100938874,100939386	chr16,14370196,14371900	6.78
chr11,100938874,100939386	chr16,19741576,19741855	29.08
chr11,100938874,100939386	chr16,50891067,50891500	29.08
chr11,100938874,100939386	chr16,97279941,97280141	10.97
chr11,100938874,100939386	chr17,46112533,46112747	33.87
chr11,100938874,100939386	chr17,85288368,85289057	6.78
chr11,100938874,100939386	chr18,24504689,24505291	91.19
chr11,100938874,100939386	chr19,33183004,33183495	24.38
chr11,100938874,100939386	chr19,56452991,56454540	15.31
chr11,100938874,100939386	chr2,57873808,57874137	80.27
chr11,100938874,100939386	chr2,119677482,119677981	6.78
chr11,100938874,100939386	chr2,170976568,170977246	19.79
chr11,100938874,100939386	chr3,17736634,17737187	29.08
chr11,100938874,100939386	chr3,62201837,62202119	24.38
chr11,100938874,100939386	chr3,87690940,87691211	10.97
chr11,100938874,100939386	chr3,90189513,90189687	19.79
chr11,100938874,100939386	chr3,95199352,95200637	19.79
chr11,100938874,100939386	chr3,102567954,102568594	74.88
chr11,100938874,100939386	chr4,34869153,34869849	38.76
chr11,100938874,100939386	chr4,56089724,56090042	19.79
chr11,100938874,100939386	chr4,103284098,103284521	64.25
chr11,100938874,100939386	chr4,123812349,123812501	6.78
chr11,100938874,100939386	chr4,133167181,133167807	10.97
chr11,100938874,100939386	chr5,29446509,29447129	6.78
chr11,100938874,100939386	chr5,64972783,64973111	48.75
chr11,100938874,100939386	chr5,103310993,103313632	15.31
chr11,100938874,100939386	chr6,58498316,58498547	91.19
chr11,100938874,100939386	chr7,16534154,16534849	15.31
chr11,100938874,100939386	chr7,105463207,105463313	69.54
chr11,100938874,100939386	chr8,34043795,34044171	43.72
chr11,100938874,100939386	chr8,80515409,80515542	80.27
chr11,100938874,100939386	chr8,119839262,119839897	24.38
chr11,100938874,100939386	chr9,56654625,56654798	33.87
chr11,100938874,100939386	chr9,57972005,57973184	19.79
chr11,100938874,100939386	chr9,97189032,97189257	6.78
chr11,100938874,100939386	chrX,161991467,161991901	29.08
chr12,86419274,86422913	chr1,24220711,24221581	69.54
chr12,86419274,86422913	chr1,89294265,89294662	64.25
chr12,86419274,86422913	chr1,100499538,100499934	38.76
chr12,86419274,86422913	chr1,121854168,121854546	48.75
chr12,86419274,86422913	chr1,133412673,133413080	38.76
chr12,86419274,86422913	chr1,186768508,186768735	24.38
chr12,86419274,86422913	chr10,66902922,66904431	43.72
chr12,86419274,86422913	chr11,6395073,6395423	6.78
chr12,86419274,86422913	chr11,52601584,52603523	19.79
chr12,86419274,86422913	chr11,59136621,59137196	48.75
chr12,86419274,86422913	chr11,63544834,63545435	80.27
chr12,86419274,86422913	chr11,70644764,70645086	38.76
chr12,86419274,86422913	chr11,108752598,108753679	24.38
chr12,86419274,86422913	chr12,4158994,4159297	85.75
chr12,86419274,86422913	chr12,5325147,5325375	48.79
chr12,86419274,86422913	chr12,5790365,5791596	38.8
chr12,86419274,86422913	chr12,5835981,5836299	11.02
chr12,86419274,86422913	chr12,9607360,9607867	96.77
chr12,86419274,86422913	chr12,10213963,10214262	130.79
chr12,86419274,86422913	chr12,14352610,14352795	29.14
chr12,86419274,86422913	chr12,14918600,14919018	29.15
chr12,86419274,86422913	chr12,18284344,18285710	6.86
chr12,86419274,86422913	chr12,26237349,26237498	59.11
chr12,86419274,86422913	chr12,28373946,28374603	154.19
chr12,86419274,86422913	chr12,29265734,29267108	29.19
chr12,86419274,86422913	chr12,32050290,32051390	6.92
chr12,86419274,86422913	chr12,44552025,44552488	43.94
chr12,86419274,86422913	chr12,45356458,45358425	25.56
chr12,86419274,86422913	chr12,46820778,46821291	29.35
chr12,86419274,86422913	chr12,50386409,50386566	39.07
chr12,86419274,86422913	chr12,50466095,50466362	34.2
chr12,86419274,86422913	chr12,52876086,52876527	7.18
chr12,86419274,86422913	chr12,54315851,54316346	97.01
chr12,86419274,86422913	chr12,56536473,56536710	7.29
chr12,86419274,86422913	chr12,57355693,57355822	24.76
chr12,86419274,86422913	chr12,62217420,62218550	102.62
chr12,86419274,86422913	chr12,62891716,62893216	142.37
chr12,86419274,86422913	chr12,64102513,64103860	44.43
chr12,86419274,86422913	chr12,64713370,64713696	59.66
chr12,86419274,86422913	chr12,65121694,65121910	19.84
chr12,86419274,86422913	chr12,67731579,67732664	124.71
chr12,86419274,86422913	chr12,69136630,69137198	75.31
chr12,86419274,86422913	chr12,69419941,69420454	102.17
chr12,86419274,86422913	chr12,70213284,70213742	44.65
chr12,86419274,86422913	chr12,70291228,70292268	7.98
chr12,86419274,86422913	chr12,70547293,70548009	75.18
chr12,86419274,86422913	chr12,70655928,70656790	64.78
chr12,86419274,86422913	chr12,70685898,70686301	25.92
chr12,86419274,86422913	chr12,72891778,72893359	100.95
chr12,86419274,86422913	chr12,73549151,73549707	27.55
chr12,86419274,86422913	chr12,75314815,75315499	93.51
chr12,86419274,86422913	chr12,75766162,75766305	113.26
chr12,86419274,86422913	chr12,79785030,79785535	9.92
chr12,86419274,86422913	chr12,80526622,80526923	18.7
chr12,86419274,86422913	chr12,80615255,80615454	21.93
chr12,86419274,86422913	chr12,81313395,81313952	10.11
chr12,86419274,86422913	chr12,82666273,82666575	6.15
chr12,86419274,86422913	chr12,83135866,83136081	11.66
chr12,86419274,86422913	chr12,83242520,83243222	10.14
chr12,86419274,86422913	chr12,84745669,84746055	5.14
chr12,86419274,86422913	chr12,84940221,84941025	5.06
chr12,86419274,86422913	chr12,85840591,85841402	5.41
chr12,86419274,86422913	chr12,85911370,85913238	5.53
chr12,86419274,86422913	chr12,85919529,85920489	5.78
chr12,86419274,86422913	chr12,86010791,86011059	5.66
chr12,86419274,86422913	chr12,86070287,86070653	5.39
chr12,86419274,86422913	chr12,86128791,86129046	5.12
chr12,86419274,86422913	chr12,86140667,86142171	5.57
chr12,86419274,86422913	chr12,86173860,86174072	5.23
chr12,86419274,86422913	chr12,86297653,86297966	5.57
chr12,86419274,86422913	chr12,86323217,86323376	5.18
chr12,86419274,86422913	chr12,86554604,86554812	5.22
chr12,86419274,86422913	chr12,86623881,86624827	5.12
chr12,86419274,86422913	chr12,86627999,86628350	5.13
chr12,86419274,86422913	chr12,87018481,87018993	6
chr12,86419274,86422913	chr12,88875723,88876132	5.84
chr12,86419274,86422913	chr12,89041754,89041874	8.85
chr12,86419274,86422913	chr12,91018527,91018707	14.7
chr12,86419274,86422913	chr12,91138851,91140175	9.41
chr12,86419274,86422913	chr12,91430075,91430648	26.77
chr12,86419274,86422913	chr12,94861821,94861980	6.56
chr12,86419274,86422913	chr12,96441052,96441371	62.51
chr12,86419274,86422913	chr12,98243152,98244035	27.75
chr12,86419274,86422913	chr12,98694619,98695602	115.87
chr12,86419274,86422913	chr12,99011243,99011377	26.91
chr12,86419274,86422913	chr12,100200485,100201914	106.46
chr12,86419274,86422913	chr12,102986000,102986577	23.87
chr12,86419274,86422913	chr12,103132481,103132922	124.25
chr12,86419274,86422913	chr12,104146163,104146532	49.58
chr12,86419274,86422913	chr12,104238380,104238624	113.35
chr12,86419274,86422913	chr12,104277493,104278776	54.62
chr12,86419274,86422913	chr12,104779674,104780198	59.72
chr12,86419274,86422913	chr12,105983558,105983682	34.78
chr12,86419274,86422913	chr12,106671756,106672098	75.4
chr12,86419274,86422913	chr12,107652282,107653054	7.69
chr12,86419274,86422913	chr12,108373145,108374608	165.62
chr12,86419274,86422913	chr12,108468135,108468337	19.97
chr12,86419274,86422913	chr12,108549669,108549917	59.65
chr12,86419274,86422913	chr12,110170573,110170853	44.37
chr12,86419274,86422913	chr12,112197962,112198845	102.62
chr12,86419274,86422913	chr12,112487522,112488070	142.47
chr12,86419274,86422913	chr12,113179235,113179494	15.87
chr12,86419274,86422913	chr12,113397252,113397547	11.57
chr12,86419274,86422913	chr12,116896648,116897364	15.77
chr12,86419274,86422913	chr12,117500397,117500982	24.61
chr12,86419274,86422913	chr12,117985729,117986170	102.57
chr12,86419274,86422913	chr12,118598908,118599110	49.13
chr12,86419274,86422913	chr13,31161190,31161618	29.08
chr12,86419274,86422913	chr13,31273193,31273402	48.75
chr12,86419274,86422913	chr13,51435028,51435290	33.87
chr12,86419274,86422913	chr13,99691210,99691427	6.78
chr12,86419274,86422913	chr14,47696375,47696749	10.97
chr12,86419274,86422913	chr14,47742770,47743014	59.02
chr12,86419274,86422913	chr14,56201973,56202898	59.02
chr12,86419274,86422913	chr15,21708181,21708563	43.72
chr12,86419274,86422913	chr16,71363218,71363716	10.97
chr12,86419274,86422913	chr16,89360959,89362989	6.78
chr12,86419274,86422913	chr16,92099480,92099697	38.76
chr12,86419274,86422913	chr16,93862983,93864064	142.37
chr12,86419274,86422913	chr17,35341341,35341702	6.78
chr12,86419274,86422913	chr17,83774166,83774918	48.75
chr12,86419274,86422913	chr18,26346885,26347132	136.54
chr12,86419274,86422913	chr18,43048546,43048712	19.79
chr12,86419274,86422913	chr19,6144949,6146041	29.08
chr12,86419274,86422913	chr19,22950017,22950159	85.71
chr12,86419274,86422913	chr19,25910334,25910680	160.05
chr12,86419274,86422913	chr19,34820307,34821727	33.87
chr12,86419274,86422913	chr2,49579214,49579342	107.91
chr12,86419274,86422913	chr2,78810421,78810582	10.97
chr12,86419274,86422913	chr2,115629222,115629647	190.07
chr12,86419274,86422913	chr2,168803752,168804508	6.78
chr12,86419274,86422913	chr3,28986455,28986926	6.78
chr12,86419274,86422913	chr3,59938870,59939054	43.72
chr12,86419274,86422913	chr3,70188621,70188908	29.08
chr12,86419274,86422913	chr3,129662756,129662870	48.75
chr12,86419274,86422913	chr4,33629865,33630047	6.78
chr12,86419274,86422913	chr4,34024690,34024866	48.75
chr12,86419274,86422913	chr4,75041254,75041687	29.08
chr12,86419274,86422913	chr5,20964091,20965019	10.97
chr12,86419274,86422913	chr5,133777806,133778773	142.37
chr12,86419274,86422913	chr6,28961991,28962544	80.27
chr12,86419274,86422913	chr6,57600146,57600407	43.72
chr12,86419274,86422913	chr7,75701780,75702280	59.02
chr12,86419274,86422913	chr7,117709627,117711559	43.72
chr12,86419274,86422913	chr7,119300134,119300400	10.97
chr12,86419274,86422913	chr7,140853863,140854105	69.54
chr12,86419274,86422913	chr8,68631199,68632025	6.78
chr12,86419274,86422913	chr9,51182204,51182764	53.85
chr12,86419274,86422913	chr9,56583320,56583544	15.31
chr12,86419274,86422913	chr9,67103971,67104219	10.97
chr12,86419274,86422913	chr9,78685669,78686057	10.97
chr12,86419274,86422913	chr9,104443116,104443793	33.87
chr12,86419274,86422913	chr9,123314351,123314880	24.38
chr15,7128930,7130283	chr10,45386054,45386987	10.97
chr15,7128930,7130283	chr10,90689001,90689322	10.97
chr15,7128930,7130283	chr11,83709216,83709439	59.02
chr15,7128930,7130283	chr11,89863843,89864712	19.79
chr15,7128930,7130283	chr12,17884305,17884921	19.79
chr15,7128930,7130283	chr14,49043971,49044168	24.38
chr15,7128930,7130283	chr14,81905126,81906483	24.38
chr15,7128930,7130283	chr14,121666536,121666807	10.97
chr15,7128930,7130283	chr15,3635057,3635515	13.29
chr15,7128930,7130283	chr15,3686194,3686352	8.29
chr15,7128930,7130283	chr15,3725340,3725971	5.18
chr15,7128930,7130283	chr15,3778087,3778683	7.14
chr15,7128930,7130283	chr15,5329963,5330534	7.53
chr15,7128930,7130283	chr15,6473274,6473552	5.8
chr15,7128930,7130283	chr15,6902214,6902655	5
chr15,7128930,7130283	chr15,6917473,6917959	5.25
chr15,7128930,7130283	chr15,6966442,6966843	5.44
chr15,7128930,7130283	chr15,7006549,7006955	5.37
chr15,7128930,7130283	chr15,7337662,7337961	5.07
chr15,7128930,7130283	chr15,7352258,7352560	5.18
chr15,7128930,7130283	chr15,10130905,10131445	14
chr15,7128930,7130283	chr15,10136555,10136781	6.61
chr15,7128930,7130283	chr15,11099613,11100001	8.08
chr15,7128930,7130283	chr15,12676987,12677144	8.63
chr15,7128930,7130283	chr15,12943672,12944479	15.57
chr15,7128930,7130283	chr15,17132775,17133438	22.22
chr15,7128930,7130283	chr15,18992045,18992725	27.05
chr15,7128930,7130283	chr15,21604090,21605271	35.38
chr15,7128930,7130283	chr15,23167799,23167995	20.54
chr15,7128930,7130283	chr15,24089746,24089916	114.34
chr15,7128930,7130283	chr15,25174674,25176390	30.27
chr15,7128930,7130283	chr15,27284309,27284522	12
chr15,7128930,7130283	chr15,31042925,31043669	29.85
chr15,7128930,7130283	chr15,33770344,33770583	11.62
chr15,7128930,7130283	chr15,33861605,33862497	7.43
chr15,7128930,7130283	chr15,34727788,34728091	49.33
chr15,7128930,7130283	chr15,38370651,38371026	34.34
chr15,7128930,7130283	chr15,39196391,39196853	20.23
chr15,7128930,7130283	chr15,40117291,40117963	11.39
chr15,7128930,7130283	chr15,43510492,43511490	34.21
chr15,7128930,7130283	chr15,45275137,45276802	11.28
chr15,7128930,7130283	chr15,57512293,57513057	6.95
chr15,7128930,7130283	chr15,60501854,60503123	6.92
chr15,7128930,7130283	chr15,68450121,68450319	24.3
chr15,7128930,7130283	chr15,70464972,70465583	19.88
chr15,7128930,7130283	chr15,72291196,72291664	64.33
chr15,7128930,7130283	chr15,73625505,73626150	38.84
chr15,7128930,7130283	chr15,77276220,77276495	11.04
chr15,7128930,7130283	chr15,87399209,87399729	29.13
chr15,7128930,7130283	chr15,92492369,92493291	29.12
chr15,7128930,7130283	chr15,103460775,103461026	33.91
chr15,7128930,7130283	chr16,4661898,4662835	10.97
chr15,7128930,7130283	chr16,34335500,34336034	10.97
chr15,7128930,7130283	chr17,73202824,73203460	59.02
chr15,7128930,7130283	chr18,9641844,9641946	24.38
chr15,7128930,7130283	chr18,81782499,81783469	33.87
chr15,7128930,7130283	chr19,29510460,29510575	43.72
chr15,7128930,7130283	chr19,44377177,44377372	33.87
chr15,7128930,7130283	chr19,51395326,51395946	6.78
chr15,7128930,7130283	chr2,37107323,37107556	19.79
chr15,7128930,7130283	chr2,101537786,101538447	19.79
chr15,7128930,7130283	chr3,115094342,115096310	48.75
chr15,7128930,7130283	chr4,3249664,3249849	15.31
chr15,7128930,7130283	chr4,27612138,27613032	6.78
chr15,7128930,7130283	chr4,45517193,45517388	10.97
chr15,7128930,7130283	chr5,58161357,58162103	48.75
chr15,7128930,7130283	chr6,5556928,5557581	6.78
chr15,7128930,7130283	chr6,8912407,8912779	43.72
chr15,7128930,7130283	chr6,12200316,12200699	15.31
chr15,7128930,7130283	chr6,91838753,91839343	10.97
chr15,7128930,7130283	chr7,29426579,29427140	10.97
chr15,7128930,7130283	chr7,51729449,51730850	6.78
chr15,7128930,7130283	chr8,8209954,8210613	6.78
chr15,7128930,7130283	chr8,109488089,109489250	29.08
chr15,7128930,7130283	chr8,114652309,114653151	6.78
chr15,7128930,7130283	chr9,29090770,29091136	19.79
chr15,7128930,7130283	chr9,29283310,29283871	6.78
chr15,7128930,7130283	chr9,60167996,60168105	6.78
chr15,7128930,7130283	chr9,75257608,75258122	10.97
chr15,7128930,7130283	chr9,96946090,96946352	29.08
chr16,10479663,10480580	chr1,175177318,175177846	64.25
chr16,10479663,10480580	chr10,89832084,89832407	19.79
chr16,10479663,10480580	chr10,106680155,106680540	154.12
chr16,10479663,10480580	chr10,125892636,125893380	15.31
chr16,10479663,10480580	chr11,4762675,4763177	29.08
chr16,10479663,10480580	chr11,76699813,76700132	24.38
chr16,10479663,10480580	chr12,108407693,108407859	53.85
chr16,10479663,10480580	chr13,6869781,6870834	29.08
chr16,10479663,10480580	chr13,48787908,48788150	6.78
chr16,10479663,10480580	chr13,74911932,74912675	53.85
chr16,10479663,10480580	chr13,96984097,96984953	48.75
chr16,10479663,10480580	chr14,18290448,18290723	24.38
chr16,10479663,10480580	chr14,111119524,111119802	38.76
chr16,10479663,10480580	chr15,41548458,41549380	10.97
chr16,10479663,10480580	chr15,79739305,79740330	48.75
chr16,10479663,10480580	chr16,4118969,4119264	21.2
chr16,10479663,10480580	chr16,5201605,5202252	101.85
chr16,10479663,10480580	chr16,7728015,7728873	16.58
chr16,10479663,10480580	chr16,8422293,8422667	9.79
chr16,10479663,10480580	chr16,8617325,8617700	8.59
chr16,10479663,10480580	chr16,10263932,10264456	5.43
chr16,10479663,10480580	chr16,10587368,10588328	5.33
chr16,10479663,10480580	chr16,10701180,10701894	5.57
chr16,10479663,10480580	chr16,10774933,10775521	5.9
chr16,10479663,10480580	chr16,10822384,10822499	6.82
chr16,10479663,10480580	chr16,10824824,10825666	5.04
chr16,10479663,10480580	chr16,11096046,11096796	5.26
chr16,10479663,10480580	chr16,11626402,11626579	6.25
chr16,10479663,10480580	chr16,12038677,12038796	8.55
chr16,10479663,10480580	chr16,12564137,12564358	11.96
chr16,10479663,10480580	chr16,12656841,12657717	10.76
chr16,10479663,10480580	chr16,13510651,13510805	5.03
chr16,10479663,10480580	chr16,16875863,16876173	130.63
chr16,10479663,10480580	chr16,17015357,17016564	104.42
chr16,10479663,10480580	chr16,17246938,17247684	13.92
chr16,10479663,10480580	chr16,23488762,23489441	18.16
chr16,10479663,10480580	chr16,29582353,29584695	12.03
chr16,10479663,10480580	chr16,33671217,33671702	59.74
chr16,10479663,10480580	chr16,34122002,34123311	24.94
chr16,10479663,10480580	chr16,37033856,37034534	220.85
chr16,10479663,10480580	chr16,38125014,38125270	44.28
chr16,10479663,10480580	chr16,38959916,38960619	15.87
chr16,10479663,10480580	chr16,40331081,40332351	59.49
chr16,10479663,10480580	chr16,58730859,58731636	102.45
chr16,10479663,10480580	chr16,63437309,63437838	43.85
chr16,10479663,10480580	chr16,63504607,63507154	43.85
chr16,10479663,10480580	chr16,76344287,76344561	113.64
chr16,10479663,10480580	chr16,96706986,96707747	6.82
chr16,10479663,10480580	chr17,24953491,24953772	33.87
chr16,10479663,10480580	chr17,84360333,84361783	43.72
chr16,10479663,10480580	chr18,21107005,21107995	130.75
chr16,10479663,10480580	chr18,38202688,38203265	15.31
chr16,10479663,10480580	chr18,38661826,38662617	10.97
chr16,10479663,10480580	chr19,44988042,44988664	59.02
chr16,10479663,10480580	chr2,3247503,3247996	48.75
chr16,10479663,10480580	chr2,90744806,90745487	48.75
chr16,10479663,10480580	chr2,104869712,104870053	15.31
chr16,10479663,10480580	chr2,180611049,180611409	53.85
chr16,10479663,10480580	chr4,122938668,122938888	29.08
chr16,10479663,10480580	chr5,32392249,32394136	69.54
chr16,10479663,10480580	chr5,34973544,34974565	15.31
chr16,10479663,10480580	chr5,43813987,43814743	96.72
chr16,10479663,10480580	chr5,53353025,53353238	6.78
chr16,10479663,10480580	chr5,105529115,105529654	48.75
chr16,10479663,10480580	chr6,7077032,7077267	15.31
chr16,10479663,10480580	chr6,17589238,17590886	59.02
chr16,10479663,10480580	chr7,88180997,88181458	6.78
chr16,10479663,10480580	chr9,10074161,10074910	19.79
chr16,10479663,10480580	chrX,112689084,112690469	24.38
chr16,10486858,10489086	chr1,6881326,6881769	29.08
chr16,10486858,10489086	chr1,9515621,9515809	33.87
chr16,10486858,10489086	chr1,60659736,60659856	80.27
chr16,10486858,10489086	chr1,74081876,74082384	74.88
chr16,10486858,10489086	chr1,126556590,126556705	33.87
chr16,10486858,10489086	chr1,135690745,135691174	142.37
chr16,10486858,10489086	chr1,155865549,155866119	96.72
chr16,10486858,10489086	chr1,157069712,157069902	43.72
chr16,10486858,10489086	chr10,25188807,25189506	96.72
chr16,10486858,10489086	chr10,44902089,44903382	19.79
chr16,10486858,10489086	chr11,51179543,51179870	43.72
chr16,10486858,10489086	chr11,61913762,61915574	24.38
chr16,10486858,10489086	chr11,79688329,79688896	15.31
chr16,10486858,10489086	chr11,96016447,96016596	107.91
chr16,10486858,10489086	chr12,107824223,107824608	15.31
chr16,10486858,10489086	chr13,45371820,45372127	59.02
chr16,10486858,10489086	chr13,79075322,79075679	24.38
chr16,10486858,10489086	chr13,92115432,92115809	148.23
chr16,10486858,10489086	chr14,32189503,32189861	48.75
chr16,10486858,10489086	chr14,70087799,70088374	74.88
chr16,10486858,10489086	chr14,117927127,117927972	64.25
chr16,10486858,10489086	chr15,15308337,15309103	19.79
chr16,10486858,10489086	chr15,27996016,27996241	102.3
chr16,10486858,10489086	chr15,81775825,81776176	29.08
chr16,10486858,10489086	chr15,82394240,82394657	15.31
chr16,10486858,10489086	chr15,101517114,101517951	33.87
chr16,10486858,10489086	chr16,4108305,4108793	23.79
chr16,10486858,10489086	chr16,5117032,5117243	18.07
chr16,10486858,10489086	chr16,6206959,6207291	7.22
chr16,10486858,10489086	chr16,7793668,7793956	7.61
chr16,10486858,10489086	chr16,7859092,7859263	6.61
chr16,10486858,10489086	chr16,8167525,8167904	10.72
chr16,10486858,10489086	chr16,8468858,8469293	6.86
chr16,10486858,10489086	chr16,9243263,9244480	5.15
chr16,10486858,10489086	chr16,9441901,9442657	5.06
chr16,10486858,10489086	chr16,9556572,9556724	5.2
chr16,10486858,10489086	chr16,9934235,9934640	5.57
chr16,10486858,10489086	chr16,10002268,10002446	5.23
chr16,10486858,10489086	chr16,10109617,10109960	5.32
chr16,10486858,10489086	chr16,10201940,10202440	5.4
chr16,10486858,10489086	chr16,10277251,10277432	5.9
chr16,10486858,10489086	chr16,10290924,10291212	5.14
chr16,10486858,10489086	chr16,10387874,10387990	5.18
chr16,10486858,10489086	chr16,11103492,11104117	5.53
chr16,10486858,10489086	chr16,13634576,13634769	7.21
chr16,10486858,10489086	chr16,15065287,15066282	15.35
chr16,10486858,10489086	chr16,15428232,15428589	13.86
chr16,10486858,10489086	chr16,15787956,15788150	7.7
chr16,10486858,10489086	chr16,16946307,16946981	97.97
chr16,10486858,10489086	chr16,17248803,17248955	6.72
chr16,10486858,10489086	chr16,18373193,18373343	13.83
chr16,10486858,10489086	chr16,18889306,18889870	16.18
chr16,10486858,10489086	chr16,19377543,19377724	22
chr16,10486858,10489086	chr16,20685198,20686020	16.88
chr16,10486858,10489086	chr16,22478928,22479458	23.23
chr16,10486858,10489086	chr16,22891638,22891884	53.82
chr16,10486858,10489086	chr16,23435272,23435605	7.67
chr16,10486858,10489086	chr16,24170277,24170514	149.19
chr16,10486858,10489086	chr16,27042804,27043143	54.48
chr16,10486858,10489086	chr16,29118667,29119348	181.99
chr16,10486858,10489086	chr16,30621912,30622324	96.84
chr16,10486858,10489086	chr16,32279900,32280179	11.71
chr16,10486858,10489086	chr16,33301085,33302863	23.52
chr16,10486858,10489086	chr16,35242902,35243413	86.06
chr16,10486858,10489086	chr16,38398206,38398413	69.93
chr16,10486858,10489086	chr16,40261779,40262435	177.88
chr16,10486858,10489086	chr16,45733051,45733246	54.16
chr16,10486858,10489086	chr16,47772614,47773195	91.41
chr16,10486858,10489086	chr16,49763404,49764204	69.76
chr16,10486858,10489086	chr16,49774801,49775336	64.48
chr16,10486858,10489086	chr16,50530775,50531461	7.05
chr16,10486858,10489086	chr16,52044247,52044679	43.94
chr16,10486858,10489086	chr16,52386999,52387747	43.94
chr16,10486858,10489086	chr16,57438850,57439139	91.33
chr16,10486858,10489086	chr16,57738485,57739086	38.93
chr16,10486858,10489086	chr16,59537108,59537552	119.36
chr16,10486858,10489086	chr16,78034754,78034861	154.16
chr16,10486858,10489086	chr16,90336966,90337126	24.33
chr16,10486858,10489086	chr16,94167297,94168029	125.01
chr16,10486858,10489086	chr16,97823348,97826260	171.99
chr16,10486858,10489086	chr16,97923769,97924196	53.89
chr16,10486858,10489086	chr17,7592138,7592754	91.19
chr16,10486858,10489086	chr17,76037103,76037274	80.27
chr16,10486858,10489086	chr17,89350237,89350798	38.76
chr16,10486858,10489086	chr18,7657574,7658609	29.08
chr16,10486858,10489086	chr18,10310343,10310693	38.76
chr16,10486858,10489086	chr18,36033438,36034137	102.3
chr16,10486858,10489086	chr18,53380341,53380512	43.72
chr16,10486858,10489086	chr19,34595766,34596203	10.97
chr16,10486858,10489086	chr19,41932516,41932914	24.38
chr16,10486858,10489086	chr3,84634029,84635625	29.08
chr16,10486858,10489086	chr3,111865706,111866536	10.97
chr16,10486858,10489086	chr3,133899485,133899694	38.76
chr16,10486858,10489086	chr4,14928659,14928864	24.38
chr16,10486858,10489086	chr4,136326243,136326872	38.76
chr16,10486858,10489086	chr4,150304871,150305036	124.98
chr16,10486858,10489086	chr5,29017233,29017935	19.79
chr16,10486858,10489086	chr5,31766854,31769232	6.78
chr16,10486858,10489086	chr5,32594369,32595587	33.87
chr16,10486858,10489086	chr5,118802381,118802882	10.97
chr16,10486858,10489086	chr5,122135818,122136533	33.87
chr16,10486858,10489086	chr5,146829470,146829876	15.31
chr16,10486858,10489086	chr6,17519263,17519608	107.91
chr16,10486858,10489086	chr6,108191115,108191407	10.97
chr16,10486858,10489086	chr6,111718374,111718752	15.31
chr16,10486858,10489086	chr6,112384742,112384911	69.54
chr16,10486858,10489086	chr6,120158334,120158442	69.54
chr16,10486858,10489086	chr6,124993904,124994627	53.85
chr16,10486858,10489086	chr7,5935773,5936195	10.97
chr16,10486858,10489086	chr7,20063809,20064301	10.97
chr16,10486858,10489086	chr7,44346628,44347008	6.78
chr16,10486858,10489086	chr7,49445630,49446342	10.97
chr16,10486858,10489086	chr7,65765736,65765995	15.31
chr16,10486858,10489086	chr8,35953119,35953275	113.56
chr16,10486858,10489086	chr8,84076006,84076253	91.19
chr16,10486858,10489086	chr9,15097085,15097310	24.38
chr16,10486858,10489086	chr9,22392388,22393243	15.31
chr16,10486858,10489086	chr9,44492939,44493309	53.85
chr16,10486858,10489086	chr9,46349410,46351172	124.98
chr16,10486858,10489086	chrX,113609715,113609919	38.76
chr16,10486858,10489086	chrX,157645484,157646037	15.31
chr16,10489551,10489878	chr1,5023532,5024130	85.71
chr16,10489551,10489878	chr1,13134287,13135176	38.76
chr16,10489551,10489878	chr1,36474736,36475069	48.75
chr16,10489551,10489878	chr1,159594318,159594585	48.75
chr16,10489551,10489878	chr10,8778440,8779206	53.85
chr16,10489551,10489878	chr10,38721627,38721834	43.72
chr16,10489551,10489878	chr10,72456022,72456327	154.12
chr16,10489551,10489878	chr11,55397678,55398563	10.97
chr16,10489551,10489878	chr11,58879628,58880111	43.72
chr16,10489551,10489878	chr11,72525165,72526321	29.08
chr16,10489551,10489878	chr12,3705302,3706143	48.75
chr16,10489551,10489878	chr12,24561469,24561797	85.71
chr16,10489551,10489878	chr12,118130781,118131188	15.31
chr16,10489551,10489878	chr13,91093811,91093983	74.88
chr16,10489551,10489878	chr13,96433883,96434009	6.78
chr16,10489551,10489878	chr14,60197488,60197853	29.08
chr16,10489551,10489878	chr15,6484822,6485152	59.02
chr16,10489551,10489878	chr15,9529364,9529601	166
chr16,10489551,10489878	chr15,40722827,40723321	6.78
chr16,10489551,10489878	chr15,57888684,57890053	85.71
chr16,10489551,10489878	chr15,101970919,101971860	113.56
chr16,10489551,10489878	chr16,3850798,3851459	95.6
chr16,10489551,10489878	chr16,3963007,3964322	22.39
chr16,10489551,10489878	chr16,4139930,4140114	29.26
chr16,10489551,10489878	chr16,4600613,4600744	24.34
chr16,10489551,10489878	chr16,4632864,4632998	5.66
chr16,10489551,10489878	chr16,4821327,4821537	23.5
chr16,10489551,10489878	chr16,8199710,8200589	9.49
chr16,10489551,10489878	chr16,8522630,8523022	7.6
chr16,10489551,10489878	chr16,8534857,8535710	8.22
chr16,10489551,10489878	chr16,8672163,8672830	6.84
chr16,10489551,10489878	chr16,8790918,8791135	7.59
chr16,10489551,10489878	chr16,9684125,9684542	6.29
chr16,10489551,10489878	chr16,9762223,9762877	7.77
chr16,10489551,10489878	chr16,10124611,10124812	5.14
chr16,10489551,10489878	chr16,10240606,10241086	5.89
chr16,10489551,10489878	chr16,10271453,10271595	5.37
chr16,10489551,10489878	chr16,10396611,10397005	5.57
chr16,10489551,10489878	chr16,10446932,10447355	5.04
chr16,10489551,10489878	chr16,10536791,10537036	5.44
chr16,10489551,10489878	chr16,10652517,10652975	5.87
chr16,10489551,10489878	chr16,10775730,10776310	5.7
chr16,10489551,10489878	chr16,10792957,10793332	6.31
chr16,10489551,10489878	chr16,10944565,10944698	5.32
chr16,10489551,10489878	chr16,11248096,11248197	7.16
chr16,10489551,10489878	chr16,11361780,11362031	5.95
chr16,10489551,10489878	chr16,11647385,11648564	5.36
chr16,10489551,10489878	chr16,12037243,12037901	7.31
chr16,10489551,10489878	chr16,12484954,12485245	6.3
chr16,10489551,10489878	chr16,13366917,13367076	6.17
chr16,10489551,10489878	chr16,14200142,14201335	22.29
chr16,10489551,10489878	chr16,14319895,14321494	10.32
chr16,10489551,10489878	chr16,18196470,18196858	101.69
chr16,10489551,10489878	chr16,18673087,18674047	16.3
chr16,10489551,10489878	chr16,21928565,21929067	159.81
chr16,10489551,10489878	chr16,22398371,22398767	95.49
chr16,10489551,10489878	chr16,24038721,24039049	19.97
chr16,10489551,10489878	chr16,26794840,26795175	44.78
chr16,10489551,10489878	chr16,29353159,29353717	59.84
chr16,10489551,10489878	chr16,29713239,29713655	54.7
chr16,10489551,10489878	chr16,29778748,29779851	125.14
chr16,10489551,10489878	chr16,29943598,29944052	11.93
chr16,10489551,10489878	chr16,37408347,37409289	91.63
chr16,10489551,10489878	chr16,37677047,37677335	29.67
chr16,10489551,10489878	chr16,38644563,38645164	258.03
chr16,10489551,10489878	chr16,41445260,41445514	24.78
chr16,10489551,10489878	chr16,42912221,42912783	59.4
chr16,10489551,10489878	chr16,43315215,43316347	34.28
chr16,10489551,10489878	chr16,43654757,43655383	178.13
chr16,10489551,10489878	chr16,44523345,44523875	75.2
chr16,10489551,10489878	chr16,52119251,52119420	64.47
chr16,10489551,10489878	chr16,57304833,57305228	130.88
chr16,10489551,10489878	chr16,60616685,60617350	43.87
chr16,10489551,10489878	chr16,90370744,90371705	91.24
chr16,10489551,10489878	chr16,95799932,95800449	11.01
chr16,10489551,10489878	chr16,97462428,97462627	33.91
chr16,10489551,10489878	chr18,7920582,7920701	91.19
chr16,10489551,10489878	chr18,36265162,36265566	85.71
chr16,10489551,10489878	chr18,39088873,39089802	38.76
chr16,10489551,10489878	chr19,5486514,5486805	6.78
chr16,10489551,10489878	chr19,36445568,36449780	24.38
chr16,10489551,10489878	chr2,11450067,11450524	53.85
chr16,10489551,10489878	chr2,126519755,126520551	6.78
chr16,10489551,10489878	chr2,156286940,156287423	6.78
chr16,10489551,10489878	chr4,45833966,45834966	29.08
chr16,10489551,10489878	chr4,46148287,46148704	80.27
chr16,10489551,10489878	chr4,50138503,50138909	154.12
chr16,10489551,10489878	chr4,110982051,110982231	38.76
chr16,10489551,10489878	chr4,150207750,150208994	53.85
chr16,10489551,10489878	chr5,28662276,28662564	48.75
chr16,10489551,10489878	chr5,81724097,81724444	160.05
chr16,10489551,10489878	chr5,91203825,91204717	10.97
chr16,10489551,10489878	chr6,6474226,6475044	160.05
chr16,10489551,10489878	chr6,25766565,25767470	85.71
chr16,10489551,10489878	chr6,34320141,34320371	85.71
chr16,10489551,10489878	chr6,36884999,36885108	74.88
chr16,10489551,10489878	chr6,48751875,48752055	38.76
chr16,10489551,10489878	chr6,137500947,137501234	59.02
chr16,10489551,10489878	chr7,19463948,19464085	6.78
chr16,10489551,10489878	chr7,21130767,21131076	6.78
chr16,10489551,10489878	chr7,28050681,28051232	85.71
chr16,10489551,10489878	chr7,82311962,82312369	19.79
chr16,10489551,10489878	chr7,138407688,138407963	24.38
chr16,10489551,10489878	chr8,57432428,57432857	6.78
chr16,10489551,10489878	chr8,86600627,86601052	24.38
chr16,10489551,10489878	chr9,30401920,30402440	64.25
chr16,10489551,10489878	chr9,33470320,33470566	184.01
chr16,10489551,10489878	chr9,35533810,35534256	24.38
chr16,10489551,10489878	chr9,37567024,37567668	24.38
chr16,10489551,10489878	chr9,47283108,47283782	74.88
chr16,10489551,10489878	chr9,79238635,79238843	43.72
chr16,10489551,10489878	chr9,111790864,111791064	24.38
chr16,10489551,10489878	chrX,17376805,17377295	10.97
chr16,10489551,10489878	chrX,50765194,50765750	24.38
chr2,168766420,168767218	chr1,17617843,17618029	33.87
chr2,168766420,168767218	chr1,89799350,89799586	24.38
chr2,168766420,168767218	chr1,149976308,149977056	6.78
chr2,168766420,168767218	chr1,159411157,159412566	24.38
chr2,168766420,168767218	chr1,173861276,173861674	29.08
chr2,168766420,168767218	chr10,108428076,108428416	48.75
chr2,168766420,168767218	chr10,117135462,117137576	15.31
chr2,168766420,168767218	chr11,12916549,12917588	64.25
chr2,168766420,168767218	chr11,108665777,108666100	19.79
chr2,168766420,168767218	chr13,43920875,43921055	124.98
chr2,168766420,168767218	chr13,49567265,49568041	29.08
chr2,168766420,168767218	chr13,50527685,50528051	10.97
chr2,168766420,168767218	chr13,71256845,71259572	10.97
chr2,168766420,168767218	chr13,87917172,87918194	19.79
chr2,168766420,168767218	chr13,104296319,104297292	48.75
chr2,168766420,168767218	chr13,115129602,115129853	10.97
chr2,168766420,168767218	chr15,10567313,10567721	24.38
chr2,168766420,168767218	chr15,67942875,67944895	10.97
chr2,168766420,168767218	chr17,43684823,43685256	24.38
chr2,168766420,168767218	chr18,56482500,56482619	10.97
chr2,168766420,168767218	chr18,58840246,58840828	6.78
chr2,168766420,168767218	chr18,88958623,88959672	24.38
chr2,168766420,168767218	chr19,58763094,58763432	33.87
chr2,168766420,168767218	chr2,14718846,14719125	10.98
chr2,168766420,168767218	chr2,24961069,24961842	43.73
chr2,168766420,168767218	chr2,38558927,38559042	53.87
chr2,168766420,168767218	chr2,52437270,52437519	24.3
chr2,168766420,168767218	chr2,68277714,68278175	29.11
chr2,168766420,168767218	chr2,80030250,80030667	24.24
chr2,168766420,168767218	chr2,92992713,92993160	38.81
chr2,168766420,168767218	chr2,107853504,107854023	11.07
chr2,168766420,168767218	chr2,108070802,108072140	11.07
chr2,168766420,168767218	chr2,109963950,109964346	11.08
chr2,168766420,168767218	chr2,112670625,112671350	19.91
chr2,168766420,168767218	chr2,114147519,114148316	15.45
chr2,168766420,168767218	chr2,117392480,117392764	15.47
chr2,168766420,168767218	chr2,117772098,117773411	24.44
chr2,168766420,168767218	chr2,124811342,124811671	7.01
chr2,168766420,168767218	chr2,126550025,126550203	15.56
chr2,168766420,168767218	chr2,126655958,126656846	11.22
chr2,168766420,168767218	chr2,127428293,127428399	130.97
chr2,168766420,168767218	chr2,127846289,127847080	34.13
chr2,168766420,168767218	chr2,128205483,128206053	7.05
chr2,168766420,168767218	chr2,131805196,131806457	44.04
chr2,168766420,168767218	chr2,131856640,131857169	34.2
chr2,168766420,168767218	chr2,141613600,141614672	34.49
chr2,168766420,168767218	chr2,145312138,145312841	39.54
chr2,168766420,168767218	chr2,146252405,146253137	16.17
chr2,168766420,168767218	chr2,150135529,150136135	7.97
chr2,168766420,168767218	chr2,150362965,150363550	7.99
chr2,168766420,168767218	chr2,150988219,150988640	25.04
chr2,168766420,168767218	chr2,152189067,152190634	20.76
chr2,168766420,168767218	chr2,153406864,153408946	8.3
chr2,168766420,168767218	chr2,153908514,153908890	12.45
chr2,168766420,168767218	chr2,154001321,154002045	103.23
chr2,168766420,168767218	chr2,155788498,155788663	16.31
chr2,168766420,168767218	chr2,157595162,157596125	15.64
chr2,168766420,168767218	chr2,158009616,158009856	45.43
chr2,168766420,168767218	chr2,158751888,158752529	65.4
chr2,168766420,168767218	chr2,158907334,158908454	45.42
chr2,168766420,168767218	chr2,159316158,159316827	70.34
chr2,168766420,168767218	chr2,159893405,159894135	18.89
chr2,168766420,168767218	chr2,160080192,160081810	13.93
chr2,168766420,168767218	chr2,160416321,160416733	11.25
chr2,168766420,168767218	chr2,160704350,160704583	49.88
chr2,168766420,168767218	chr2,161673399,161673966	22.44
chr2,168766420,168767218	chr2,163103942,163105564	20.69
chr2,168766420,168767218	chr2,164030692,164031217	6.55
chr2,168766420,168767218	chr2,164420573,164421095	19.22
chr2,168766420,168767218	chr2,165055694,165055851	7.99
chr2,168766420,168767218	chr2,165190513,165191440	8.86
chr2,168766420,168767218	chr2,166887451,166887661	9.01
chr2,168766420,168767218	chr2,167693517,167694856	5.18
chr2,168766420,168767218	chr2,168309287,168309446	6.33
chr2,168766420,168767218	chr2,168337555,168338285	5.77
chr2,168766420,168767218	chr2,168455253,168455989	5.25
chr2,168766420,168767218	chr2,168649739,168650204	5.08
chr2,168766420,168767218	chr2,168873709,168874002	5.84
chr2,168766420,168767218	chr2,169365768,169365906	6.65
chr2,168766420,168767218	chr2,169532480,169532827	5.21
chr2,168766420,168767218	chr2,169564875,169565048	5.03
chr2,168766420,168767218	chr2,169645771,169645899	5.26
chr2,168766420,168767218	chr2,171341213,171341548	6.94
chr2,168766420,168767218	chr2,171855875,171857472	7
chr2,168766420,168767218	chr2,172289661,172290371	7.69
chr2,168766420,168767218	chr2,172897288,172898255	13.58
chr2,168766420,168767218	chr2,174555291,174555638	12.64
chr2,168766420,168767218	chr2,174864713,174865287	14.87
chr2,168766420,168767218	chr2,178093409,178094113	14.45
chr2,168766420,168767218	chr2,178502731,178503138	27.51
chr2,168766420,168767218	chr2,179787845,179788381	15.56
chr2,168766420,168767218	chr2,179822134,179822855	60.44
chr2,168766420,168767218	chr2,179978300,179978937	12.41
chr2,168766420,168767218	chr2,180051865,180052486	15.7
chr2,168766420,168767218	chr2,180124935,180125204	12.43
chr2,168766420,168767218	chr2,180756337,180756565	60.46
chr2,168766420,168767218	chr2,180763344,180763854	24.98
chr2,168766420,168767218	chr2,181447289,181447888	108.58
chr2,168766420,168767218	chr3,83855191,83855335	6.78
chr2,168766420,168767218	chr3,137027944,137029120	43.72
chr2,168766420,168767218	chr4,134498630,134499977	19.79
chr2,168766420,168767218	chr4,149074505,149075057	33.87
chr2,168766420,168767218	chr5,81660855,81661423	19.79
chr2,168766420,168767218	chr5,133786676,133787349	24.38
chr2,168766420,168767218	chr5,136239630,136240104	48.75
chr2,168766420,168767218	chr5,146134850,146136240	69.54
chr2,168766420,168767218	chr6,102642051,102642754	29.08
chr2,168766420,168767218	chr6,143292605,143292909	64.25
chr2,168766420,168767218	chr7,12734753,12734951	29.08
chr2,168766420,168767218	chr7,30070288,30070495	33.87
chr2,168766420,168767218	chr7,118874079,118874278	6.78
chr2,168766420,168767218	chr7,125517015,125517688	48.75
chr2,168766420,168767218	chr7,131281187,131281524	24.38
chr2,168766420,168767218	chr8,24651465,24651913	80.27
chr2,168766420,168767218	chr8,25970518,25972051	15.31
chr2,168766420,168767218	chrX,22282603,22282859	10.97
chr3,34648729,34650279	chr1,190451410,190451521	10.97
chr3,34648729,34650279	chr11,24764830,24765997	107.91
chr3,34648729,34650279	chr11,82060541,82061057	15.31
chr3,34648729,34650279	chr11,112280379,112280723	19.79
chr3,34648729,34650279	chr11,116579428,116579654	29.08
chr3,34648729,34650279	chr12,104851341,104851792	19.79
chr3,34648729,34650279	chr14,46566941,46568072	6.78
chr3,34648729,34650279	chr15,40786479,40786642	53.85
chr3,34648729,34650279	chr15,78812941,78813043	29.08
chr3,34648729,34650279	chr15,91577034,91577188	10.97
chr3,34648729,34650279	chr16,29586302,29586551	19.79
chr3,34648729,34650279	chr16,50103808,50104151	15.31
chr3,34648729,34650279	chr16,87796576,87796970	59.02
chr3,34648729,34650279	chr17,73154162,73154599	15.31
chr3,34648729,34650279	chr18,23168017,23168299	6.78
chr3,34648729,34650279	chr19,58926349,58926734	38.76
chr3,34648729,34650279	chr2,41013991,41014290	15.31
chr3,34648729,34650279	chr3,3216762,3217053	34.33
chr3,34648729,34650279	chr3,5852694,5853143	125.44
chr3,34648729,34650279	chr3,13916435,13917234	11.96
chr3,34648729,34650279	chr3,17150315,17151674	25.02
chr3,34648729,34650279	chr3,20628795,20630595	8.46
chr3,34648729,34650279	chr3,26164866,26165101	25.23
chr3,34648729,34650279	chr3,26581785,26581909	17.84
chr3,34648729,34650279	chr3,26652400,26652705	26.38
chr3,34648729,34650279	chr3,27701623,27703470	5.43
chr3,34648729,34650279	chr3,29790791,29793045	11.15
chr3,34648729,34650279	chr3,30518265,30519323	8.62
chr3,34648729,34650279	chr3,31387087,31387338	13.91
chr3,34648729,34650279	chr3,31408104,31408842	19.25
chr3,34648729,34650279	chr3,31413891,31414648	6.24
chr3,34648729,34650279	chr3,31721488,31721692	19.78
chr3,34648729,34650279	chr3,31816863,31816990	5.73
chr3,34648729,34650279	chr3,31860171,31861783	9.73
chr3,34648729,34650279	chr3,32355700,32356177	5.07
chr3,34648729,34650279	chr3,32532949,32533957	11.04
chr3,34648729,34650279	chr3,32583559,32583901	9.76
chr3,34648729,34650279	chr3,33409346,33409668	7.78
chr3,34648729,34650279	chr3,33867777,33868021	6.54
chr3,34648729,34650279	chr3,33871466,33871707	5.56
chr3,34648729,34650279	chr3,34002467,34002833	7.36
chr3,34648729,34650279	chr3,34149403,34150258	7.22
chr3,34648729,34650279	chr3,34484227,34484741	5.94
chr3,34648729,34650279	chr3,34575815,34576880	5.11
chr3,34648729,34650279	chr3,34775862,34776837	5.4
chr3,34648729,34650279	chr3,34914182,34914408	6.32
chr3,34648729,34650279	chr3,34955916,34956693	6.34
chr3,34648729,34650279	chr3,35107779,35107976	6.01
chr3,34648729,34650279	chr3,35486417,35486697	5.42
chr3,34648729,34650279	chr3,35720433,35720633	6.34
chr3,34648729,34650279	chr3,36432892,36433094	5.5
chr3,34648729,34650279	chr3,36649448,36649866	8.49
chr3,34648729,34650279	chr3,38564157,38564626	7.08
chr3,34648729,34650279	chr3,38674447,38674666	20.26
chr3,34648729,34650279	chr3,39483337,39483654	13.99
chr3,34648729,34650279	chr3,39502082,39503442	11.14
chr3,34648729,34650279	chr3,40421997,40422459	9.14
chr3,34648729,34650279	chr3,40480896,40481720	19.47
chr3,34648729,34650279	chr3,41603793,41603979	18.21
chr3,34648729,34650279	chr3,44757043,44757219	22.88
chr3,34648729,34650279	chr3,54735112,54735901	39.76
chr3,34648729,34650279	chr3,58471187,58471708	64.98
chr3,34648729,34650279	chr3,58480580,58481269	75.59
chr3,34648729,34650279	chr3,59278309,59279232	34.6
chr3,34648729,34650279	chr3,61292681,61293589	24.95
chr3,34648729,34650279	chr3,67470432,67471166	15.74
chr3,34648729,34650279	chr3,70307686,70308380	91.52
chr3,34648729,34650279	chr3,78271297,78271420	29.31
chr3,34648729,34650279	chr3,89658306,89658466	15.44
chr3,34648729,34650279	chr3,91207596,91207837	15.44
chr3,34648729,34650279	chr3,99136385,99136711	19.88
chr3,34648729,34650279	chr3,100840127,100840336	6.87
chr3,34648729,34650279	chr3,109420882,109421020	24.55
chr3,34648729,34650279	chr3,118020031,118020246	24.42
chr3,34648729,34650279	chr3,136320850,136320999	15.34
chr3,34648729,34650279	chr3,137389212,137389513	33.9
chr3,34648729,34650279	chr3,139866564,139867320	38.78
chr3,34648729,34650279	chr3,157608576,157609056	10.99
chr3,34648729,34650279	chr4,44976055,44976619	10.97
chr3,34648729,34650279	chr4,123579390,123579604	24.38
chr3,34648729,34650279	chr5,36766049,36766256	102.3
chr3,34648729,34650279	chr5,40119346,40119457	43.72
chr3,34648729,34650279	chr5,62557983,62559824	6.78
chr3,34648729,34650279	chr6,13774798,13775124	10.97
chr3,34648729,34650279	chr6,130950561,130950791	19.79
chr3,34648729,34650279	chr7,105520891,105521256	6.78
chr4,55531324,55531996	chr1,9887852,9888696	6.78
chr4,55531324,55531996	chr1,49709252,49710250	33.87
chr4,55531324,55531996	chr1,64258115,64258772	33.87
chr4,55531324,55531996	chr10,4810824,4812303	10.97
chr4,55531324,55531996	chr10,84843893,84844462	15.31
chr4,55531324,55531996	chr11,9348695,9350308	19.79
chr4,55531324,55531996	chr11,61510952,61511633	10.97
chr4,55531324,55531996	chr11,98135799,98136879	15.31
chr4,55531324,55531996	chr12,21347648,21348047	15.31
chr4,55531324,55531996	chr13,53301105,53301854	10.97
chr4,55531324,55531996	chr13,110037798,110038445	74.88
chr4,55531324,55531996	chr14,21741867,21742364	69.54
chr4,55531324,55531996	chr14,105700543,105700780	15.31
chr4,55531324,55531996	chr14,106713215,106713447	33.87
chr4,55531324,55531996	chr16,33180007,33180151	6.78
chr4,55531324,55531996	chr17,43750344,43750626	19.79
chr4,55531324,55531996	chr17,66649229,66649638	6.78
chr4,55531324,55531996	chr18,25934925,25935804	10.97
chr4,55531324,55531996	chr2,70884743,70885291	19.79
chr4,55531324,55531996	chr3,24430904,24431689	59.02
chr4,55531324,55531996	chr3,134946789,134947296	19.79
chr4,55531324,55531996	chr4,6866639,6867650	15.49
chr4,55531324,55531996	chr4,9416619,9416811	38.95
chr4,55531324,55531996	chr4,11966763,11966981	7.01
chr4,55531324,55531996	chr4,21695054,21695905	24.69
chr4,55531324,55531996	chr4,22360673,22360818	11.39
chr4,55531324,55531996	chr4,26286025,26286155	15.85
chr4,55531324,55531996	chr4,33217329,33217756	25.2
chr4,55531324,55531996	chr4,35335998,35336177	20.73
chr4,55531324,55531996	chr4,39410341,39410670	12.34
chr4,55531324,55531996	chr4,40715357,40716786	16.5
chr4,55531324,55531996	chr4,41270673,41271150	60.36
chr4,55531324,55531996	chr4,44102851,44103148	75.93
chr4,55531324,55531996	chr4,45605265,45605414	8.74
chr4,55531324,55531996	chr4,45841959,45842849	27.01
chr4,55531324,55531996	chr4,46522623,46523354	8.65
chr4,55531324,55531996	chr4,47904684,47904874	25.3
chr4,55531324,55531996	chr4,51458105,51458294	5.88
chr4,55531324,55531996	chr4,52864164,52864393	6.99
chr4,55531324,55531996	chr4,53248497,53249129	8.12
chr4,55531324,55531996	chr4,55641729,55641832	5.65
chr4,55531324,55531996	chr4,55664521,55664891	5.94
chr4,55531324,55531996	chr4,55715437,55716820	5.32
chr4,55531324,55531996	chr4,55735208,55736189	5.52
chr4,55531324,55531996	chr4,56980321,56980593	8.5
chr4,55531324,55531996	chr4,74353365,74353505	12.11
chr4,55531324,55531996	chr4,80569685,80571011	7.51
chr4,55531324,55531996	chr4,82393111,82393714	80.84
chr4,55531324,55531996	chr4,83263782,83265176	91.72
chr4,55531324,55531996	chr4,88232219,88232503	11.4
chr4,55531324,55531996	chr4,94266612,94267308	34.17
chr4,55531324,55531996	chr4,104188302,104188591	11.15
chr4,55531324,55531996	chr4,106367608,106369319	24.36
chr4,55531324,55531996	chr4,106372732,106373233	11.13
chr4,55531324,55531996	chr4,108873374,108873772	19.93
chr4,55531324,55531996	chr4,114580512,114580886	11.08
chr4,55531324,55531996	chr4,115011622,115012043	85.81
chr4,55531324,55531996	chr4,116711960,116712453	38.85
chr4,55531324,55531996	chr4,118015002,118015165	24.29
chr4,55531324,55531996	chr4,119339240,119339396	6.87
chr4,55531324,55531996	chr4,126982330,126982490	11.04
chr4,55531324,55531996	chr4,138912751,138913700	29.13
chr4,55531324,55531996	chr4,141792457,141792639	6.82
chr4,55531324,55531996	chr4,143245540,143246585	38.8
chr4,55531324,55531996	chr4,149222351,149222645	6.82
chr4,55531324,55531996	chr6,137130258,137130720	29.08
chr4,55531324,55531996	chr7,79594753,79595374	24.38
chr4,55531324,55531996	chr8,42124618,42125888	53.85
chr4,55531324,55531996	chr9,67693684,67694565	38.76
chr4,55531324,55531996	chr9,85342622,85343256	19.79
chr4,55531324,55531996	chr9,100503683,100504531	15.31
chr4,55531324,55531996	chrX,36676395,36676655	24.38
chr4,55531324,55531996	chrX,95049522,95049666	6.78
chr6,122339268,122340303	chr1,63872172,63872880	43.72
chr6,122339268,122340303	chr1,64302776,64304221	33.87
chr6,122339268,122340303	chr10,52248108,52248559	6.78
chr6,122339268,122340303	chr10,76883153,76884034	6.78
chr6,122339268,122340303	chr10,94012566,94012827	29.08
chr6,122339268,122340303	chr10,102385677,102386636	24.38
chr6,122339268,122340303	chr10,119150970,119151557	19.79
chr6,122339268,122340303	chr10,120244780,120245162	10.97
chr6,122339268,122340303	chr11,106433449,106433572	33.87
chr6,122339268,122340303	chr12,90915274,90915520	6.78
chr6,122339268,122340303	chr12,104008362,104008604	24.38
chr6,122339268,122340303	chr12,112653174,112653397	29.08
chr6,122339268,122340303	chr13,96292866,96292995	15.31
chr6,122339268,122340303	chr14,26787389,26787581	10.97
chr6,122339268,122340303	chr15,48586304,48586967	10.97
chr6,122339268,122340303	chr15,57089691,57089807	24.38
chr6,122339268,122340303	chr15,61528673,61529232	6.78
chr6,122339268,122340303	chr15,86512807,86513315	15.31
chr6,122339268,122340303	chr16,14350402,14351049	15.31
chr6,122339268,122340303	chr16,90526028,90526402	53.85
chr6,122339268,122340303	chr16,91040776,91041341	6.78
chr6,122339268,122340303	chr17,17539704,17540110	10.97
chr6,122339268,122340303	chr17,87086760,87086983	10.97
chr6,122339268,122340303	chr17,92351887,92352141	29.08
chr6,122339268,122340303	chr18,5306183,5306478	10.97
chr6,122339268,122340303	chr18,12175658,12175993	48.75
chr6,122339268,122340303	chr18,51911866,51914845	19.79
chr6,122339268,122340303	chr19,50318081,50318425	38.76
chr6,122339268,122340303	chr2,19105377,19105907	24.38
chr6,122339268,122340303	chr2,103139272,103139802	6.78
chr6,122339268,122340303	chr2,118851050,118851678	6.78
chr6,122339268,122340303	chr2,125036393,125036981	6.78
chr6,122339268,122340303	chr2,156716913,156718210	15.31
chr6,122339268,122340303	chr3,38234129,38234538	15.31
chr6,122339268,122340303	chr3,73126597,73126774	15.31
chr6,122339268,122340303	chr3,94473886,94474040	38.76
chr6,122339268,122340303	chr3,106162349,106163083	15.31
chr6,122339268,122340303	chr3,153603177,153603686	15.31
chr6,122339268,122340303	chr4,24842113,24842351	6.78
chr6,122339268,122340303	chr4,86812688,86812814	48.75
chr6,122339268,122340303	chr5,101645741,101645941	6.78
chr6,122339268,122340303	chr6,3477099,3477435	74.89
chr6,122339268,122340303	chr6,4972782,4973934	24.4
chr6,122339268,122340303	chr6,17303606,17303871	102.32
chr6,122339268,122340303	chr6,24923974,24924788	53.88
chr6,122339268,122340303	chr6,40247671,40248306	74.92
chr6,122339268,122340303	chr6,41075062,41076165	6.83
chr6,122339268,122340303	chr6,41180506,41181809	29.13
chr6,122339268,122340303	chr6,61247372,61247862	24.39
chr6,122339268,122340303	chr6,65470177,65470590	38.88
chr6,122339268,122340303	chr6,65970410,65970835	53.98
chr6,122339268,122340303	chr6,70589362,70590220	6.94
chr6,122339268,122340303	chr6,82436411,82436946	7.07
chr6,122339268,122340303	chr6,89431535,89431679	15.74
chr6,122339268,122340303	chr6,93890543,93891140	7.36
chr6,122339268,122340303	chr6,93896205,93896608	70.09
chr6,122339268,122340303	chr6,94794560,94794937	34.48
chr6,122339268,122340303	chr6,94894660,94896007	39.37
chr6,122339268,122340303	chr6,95204286,95205119	49.37
chr6,122339268,122340303	chr6,95713928,95714369	7.44
chr6,122339268,122340303	chr6,99214602,99214865	75.68
chr6,122339268,122340303	chr6,100875627,100878179	25.09
chr6,122339268,122340303	chr6,101093989,101094227	30.05
chr6,122339268,122340303	chr6,102455736,102456722	20.85
chr6,122339268,122340303	chr6,103156704,103157502	20.91
chr6,122339268,122340303	chr6,106491285,106493196	35.34
chr6,122339268,122340303	chr6,106758027,106758819	16.8
chr6,122339268,122340303	chr6,107033726,107034396	27.18
chr6,122339268,122340303	chr6,108814983,108815234	40.49
chr6,122339268,122340303	chr6,112573963,112574600	41.02
chr6,122339268,122340303	chr6,112980153,112981544	9.27
chr6,122339268,122340303	chr6,113327962,113328407	9.32
chr6,122339268,122340303	chr6,113439252,113439774	9.33
chr6,122339268,122340303	chr6,114896478,114897154	17.76
chr6,122339268,122340303	chr6,116902352,116902865	6.05
chr6,122339268,122340303	chr6,117706617,117708303	8.07
chr6,122339268,122340303	chr6,118603726,118603921	17.31
chr6,122339268,122340303	chr6,119030133,119030318	11.98
chr6,122339268,122340303	chr6,119079609,119079752	10.59
chr6,122339268,122340303	chr6,119377103,119377765	8.74
chr6,122339268,122340303	chr6,120669583,120669819	5.51
chr6,122339268,122340303	chr6,120776120,120777169	8.59
chr6,122339268,122340303	chr6,120912548,120912982	5.16
chr6,122339268,122340303	chr6,121059200,121059764	5.9
chr6,122339268,122340303	chr6,121061305,121061752	6.73
chr6,122339268,122340303	chr6,121178274,121178945	5.71
chr6,122339268,122340303	chr6,122244245,122244690	5.18
chr6,122339268,122340303	chr6,122374827,122375409	5.13
chr6,122339268,122340303	chr6,122382569,122382687	5.36
chr6,122339268,122340303	chr6,122740820,122740980	6.71
chr6,122339268,122340303	chr6,122782756,122783185	5.68
chr6,122339268,122340303	chr6,122849355,122850064	6.08
chr6,122339268,122340303	chr6,122856024,122856131	8.19
chr6,122339268,122340303	chr6,122974241,122974760	5.33
chr6,122339268,122340303	chr6,124068310,124068904	11.56
chr6,122339268,122340303	chr6,124075821,124076430	8.11
chr6,122339268,122340303	chr6,125131820,125132015	15.74
chr6,122339268,122340303	chr6,125492417,125492795	9.11
chr6,122339268,122340303	chr6,125539745,125539867	11.68
chr6,122339268,122340303	chr6,126386228,126386652	5.71
chr6,122339268,122340303	chr6,128104709,128106320	89.11
chr6,122339268,122340303	chr6,128598601,128599588	55.29
chr6,122339268,122340303	chr6,130379374,130379608	15.73
chr6,122339268,122340303	chr6,134257591,134258118	50.65
chr6,122339268,122340303	chr6,134829148,134829880	40.63
chr6,122339268,122340303	chr6,135297556,135297666	45.51
chr6,122339268,122340303	chr6,137531608,137532914	25.66
chr6,122339268,122340303	chr6,138077713,138078765	16.79
chr6,122339268,122340303	chr6,139578233,139578356	16.63
chr6,122339268,122340303	chr6,140138923,140139518	40
chr6,122339268,122340303	chr6,142288966,142290227	16.38
chr6,122339268,122340303	chr6,142996552,142997269	7.81
chr6,122339268,122340303	chr6,145345277,145345811	7.64
chr6,122339268,122340303	chr6,145544460,145545436	34.7
chr6,122339268,122340303	chr6,147048406,147048898	7.54
chr6,122339268,122340303	chr6,148211528,148211756	7.48
chr6,122339268,122340303	chr9,47080397,47080545	6.78
chr6,122339268,122340303	chr9,120646726,120647033	15.31
chr6,122339268,122340303	chrX,165666034,165666484	6.78
chr6,122707354,122707701	chr1,80621418,80621783	48.75
chr6,122707354,122707701	chr1,172362318,172362560	6.78
chr6,122707354,122707701	chr10,13712063,13713834	6.78
chr6,122707354,122707701	chr10,36811728,36812645	29.08
chr6,122707354,122707701	chr13,12313423,12314057	10.97
chr6,122707354,122707701	chr14,81920117,81920666	80.27
chr6,122707354,122707701	chr14,106268339,106268744	15.31
chr6,122707354,122707701	chr14,121508184,121508418	10.97
chr6,122707354,122707701	chr15,58060139,58060475	10.97
chr6,122707354,122707701	chr16,80587176,80588142	15.31
chr6,122707354,122707701	chr17,55159859,55160769	10.97
chr6,122707354,122707701	chr17,63805054,63805908	33.87
chr6,122707354,122707701	chr3,152024493,152025692	19.79
chr6,122707354,122707701	chr4,48128834,48129422	15.31
chr6,122707354,122707701	chr4,75975163,75975456	10.97
chr6,122707354,122707701	chr4,153037656,153038049	10.97
chr6,122707354,122707701	chr6,6883399,6883904	29.1
chr6,122707354,122707701	chr6,8319937,8320114	15.33
chr6,122707354,122707701	chr6,17088299,17089017	6.81
chr6,122707354,122707701	chr6,31357694,31358176	6.82
chr6,122707354,122707701	chr6,32512697,32512859	38.79
chr6,122707354,122707701	chr6,48460722,48460840	6.84
chr6,122707354,122707701	chr6,54035878,54036383	11.05
chr6,122707354,122707701	chr6,62932802,62933478	6.89
chr6,122707354,122707701	chr6,64463064,64463433	38.87
chr6,122707354,122707701	chr6,72244237,72244467	19.95
chr6,122707354,122707701	chr6,74643541,74643978	6.97
chr6,122707354,122707701	chr6,74689354,74690594	34.06
chr6,122707354,122707701	chr6,82527241,82527434	15.59
chr6,122707354,122707701	chr6,84953241,84953877	39.07
chr6,122707354,122707701	chr6,96128628,96128925	11.63
chr6,122707354,122707701	chr6,98074783,98075253	49.49
chr6,122707354,122707701	chr6,100445396,100446721	7.69
chr6,122707354,122707701	chr6,102730527,102731301	7.87
chr6,122707354,122707701	chr6,103914048,103914479	7.97
chr6,122707354,122707701	chr6,105017875,105018750	8.08
chr6,122707354,122707701	chr6,107478348,107478476	12.54
chr6,122707354,122707701	chr6,108075104,108075411	16.93
chr6,122707354,122707701	chr6,108975920,108976060	17.03
chr6,122707354,122707701	chr6,111632502,111633693	24.81
chr6,122707354,122707701	chr6,113874215,113874613	25.62
chr6,122707354,122707701	chr6,115355113,115355395	15.62
chr6,122707354,122707701	chr6,116958059,116958493	20.32
chr6,122707354,122707701	chr6,117554046,117554639	15.03
chr6,122707354,122707701	chr6,117711802,117712306	16.68
chr6,122707354,122707701	chr6,118011070,118011641	10.44
chr6,122707354,122707701	chr6,118181957,118182151	12.06
chr6,122707354,122707701	chr6,118409525,118409845	11.69
chr6,122707354,122707701	chr6,118738469,118738998	5.91
chr6,122707354,122707701	chr6,118994794,118994926	5.79
chr6,122707354,122707701	chr6,121247579,121249041	9.62
chr6,122707354,122707701	chr6,121565412,121565989	6.33
chr6,122707354,122707701	chr6,121627760,121627890	6.59
chr6,122707354,122707701	chr6,122256274,122256895	5.02
chr6,122707354,122707701	chr6,122367874,122368210	6.21
chr6,122707354,122707701	chr6,122396396,122396841	5.2
chr6,122707354,122707701	chr6,122411912,122413033	6.13
chr6,122707354,122707701	chr6,122414041,122414401	5.19
chr6,122707354,122707701	chr6,122632725,122633285	5.05
chr6,122707354,122707701	chr6,122644695,122645283	5.9
chr6,122707354,122707701	chr6,122677616,122677807	5.06
chr6,122707354,122707701	chr6,122981699,122982009	5.17
chr6,122707354,122707701	chr6,123114303,123114450	5.43
chr6,122707354,122707701	chr6,123216206,123216773	6.08
chr6,122707354,122707701	chr6,123293940,123294094	7.36
chr6,122707354,122707701	chr6,123294897,123296798	9.01
chr6,122707354,122707701	chr6,123891211,123891756	9.52
chr6,122707354,122707701	chr6,124106386,124107343	9.33
chr6,122707354,122707701	chr6,127107275,127108216	6.07
chr6,122707354,122707701	chr6,127185243,127186116	15.54
chr6,122707354,122707701	chr6,128974438,128975268	6.11
chr6,122707354,122707701	chr6,132454344,132454527	9.26
chr6,122707354,122707701	chr6,134197793,134198139	8.94
chr6,122707354,122707701	chr6,135234090,135234729	17.16
chr6,122707354,122707701	chr6,145600430,145600656	44.56
chr6,122707354,122707701	chr6,148710598,148710948	29.76
chr6,122707354,122707701	chr7,68622593,68623759	38.76
chr6,122707354,122707701	chr7,113897602,113897856	10.97
chr6,122707354,122707701	chr8,59401983,59402373	10.97
chr8,72317488,72319340	chr10,18575802,18576223	43.72
chr8,72317488,72319340	chr11,29222669,29222999	107.91
chr8,72317488,72319340	chr11,54168033,54169151	10.97
chr8,72317488,72319340	chr11,85506556,85506666	10.97
chr8,72317488,72319340	chr11,97418232,97418407	29.08
chr8,72317488,72319340	chr11,113455044,113456548	6.78
chr8,72317488,72319340	chr11,120889389,120889839	6.78
chr8,72317488,72319340	chr12,83558739,83559832	19.79
chr8,72317488,72319340	chr12,119274378,119278365	19.79
chr8,72317488,72319340	chr13,99020282,99022690	10.97
chr8,72317488,72319340	chr16,18008002,18009480	6.78
chr8,72317488,72319340	chr16,71620426,71621479	59.02
chr8,72317488,72319340	chr16,95437725,95438272	69.54
chr8,72317488,72319340	chr17,28531033,28531363	15.31
chr8,72317488,72319340	chr17,74714743,74714910	10.97
chr8,72317488,72319340	chr19,20717640,20719207	29.08
chr8,72317488,72319340	chr19,45096380,45098906	6.78
chr8,72317488,72319340	chr2,10297165,10297495	43.72
chr8,72317488,72319340	chr2,11389767,11390235	10.97
chr8,72317488,72319340	chr2,55490616,55490971	29.08
chr8,72317488,72319340	chr2,136508962,136509526	33.87
chr8,72317488,72319340	chr2,144233150,144233596	6.78
chr8,72317488,72319340	chr2,156778668,156778922	6.78
chr8,72317488,72319340	chr2,167930154,167930281	91.19
chr8,72317488,72319340	chr4,8800005,8800113	136.54
chr8,72317488,72319340	chr4,82372159,82372482	24.38
chr8,72317488,72319340	chr4,88995623,88995903	6.78
chr8,72317488,72319340	chr4,95701888,95702149	64.25
chr8,72317488,72319340	chr5,34924428,34925067	24.38
chr8,72317488,72319340	chr5,79950627,79951602	15.31
chr8,72317488,72319340	chr5,122449859,122450517	48.75
chr8,72317488,72319340	chr5,135867977,135868338	119.26
chr8,72317488,72319340	chr6,83796072,83796951	85.71
chr8,72317488,72319340	chr6,115876474,115877275	74.88
chr8,72317488,72319340	chr6,119447846,119448808	19.79
chr8,72317488,72319340	chr6,129093262,129093498	29.08
chr8,72317488,72319340	chr6,145185397,145185588	69.54
chr8,72317488,72319340	chr7,23892272,23894394	19.79
chr8,72317488,72319340	chr7,29295050,29295172	6.78
chr8,72317488,72319340	chr7,140049628,140049820	53.85
chr8,72317488,72319340	chr8,5542622,5543709	38.84
chr8,72317488,72319340	chr8,5964680,5965691	29.16
chr8,72317488,72319340	chr8,8047040,8047285	38.84
chr8,72317488,72319340	chr8,11655174,11655807	24.39
chr8,72317488,72319340	chr8,12999179,12999465	43.82
chr8,72317488,72319340	chr8,13495772,13496183	33.99
chr8,72317488,72319340	chr8,13952673,13953167	19.9
chr8,72317488,72319340	chr8,22388537,22388811	59.18
chr8,72317488,72319340	chr8,26559870,26560313	6.99
chr8,72317488,72319340	chr8,35105897,35106489	20.12
chr8,72317488,72319340	chr8,60723814,60723960	108.87
chr8,72317488,72319340	chr8,60752769,60752979	19.94
chr8,72317488,72319340	chr8,61417370,61418065	16.32
chr8,72317488,72319340	chr8,67273309,67273488	87.24
chr8,72317488,72319340	chr8,69240187,69240737	12.89
chr8,72317488,72319340	chr8,70181588,70181949	9.47
chr8,72317488,72319340	chr8,70730410,70731022	5.27
chr8,72317488,72319340	chr8,71633041,71633183	5.9
chr8,72317488,72319340	chr8,71857339,71857617	5.16
chr8,72317488,72319340	chr8,71955179,71955503	5.15
chr8,72317488,72319340	chr8,72092141,72092952	5.17
chr8,72317488,72319340	chr8,72096617,72096940	5.96
chr8,72317488,72319340	chr8,72152392,72153922	5.96
chr8,72317488,72319340	chr8,72176430,72176655	5.79
chr8,72317488,72319340	chr8,72208077,72208339	6.17
chr8,72317488,72319340	chr8,72252259,72253219	5.25
chr8,72317488,72319340	chr8,72265345,72266027	5.7
chr8,72317488,72319340	chr8,72354487,72354613	5.75
chr8,72317488,72319340	chr8,72459585,72461570	6.43
chr8,72317488,72319340	chr8,72483334,72483492	6.03
chr8,72317488,72319340	chr8,72581679,72582656	5.97
chr8,72317488,72319340	chr8,72591313,72591418	6.08
chr8,72317488,72319340	chr8,72654221,72654557	5.4
chr8,72317488,72319340	chr8,74291387,74291734	9.46
chr8,72317488,72319340	chr8,74688423,74688654	5.77
chr8,72317488,72319340	chr8,79050536,79050697	5.71
chr8,72317488,72319340	chr8,82145918,82146316	18.66
chr8,72317488,72319340	chr8,83955259,83955902	65.85
chr8,72317488,72319340	chr8,84646315,84646462	20.35
chr8,72317488,72319340	chr8,85442718,85442972	40.47
chr8,72317488,72319340	chr8,85487649,85488303	40.47
chr8,72317488,72319340	chr8,87955558,87956709	35.33
chr8,72317488,72319340	chr8,90110732,90111449	30.32
chr8,72317488,72319340	chr8,91149229,91149384	30.23
chr8,72317488,72319340	chr8,95927947,95928588	44.5
chr8,72317488,72319340	chr8,104392274,104392697	54.29
chr8,72317488,72319340	chr8,104775970,104777952	54.28
chr8,72317488,72319340	chr8,105078294,105079486	15.74
chr8,72317488,72319340	chr8,107451917,107452040	39.12
chr8,72317488,72319340	chr8,110599297,110599805	15.62
chr8,72317488,72319340	chr8,110662029,110662688	24.69
chr8,72317488,72319340	chr8,115101660,115102137	7.02
chr8,72317488,72319340	chr8,116149044,116149204	24.61
chr8,72317488,72319340	chr8,116301482,116303043	11.2
chr8,72317488,72319340	chr8,118317665,118318368	24.69
chr8,72317488,72319340	chr8,119531095,119531774	6.97
chr8,72317488,72319340	chr8,120494940,120496299	54.03
chr8,72317488,72319340	chr8,123986367,123986644	38.91
chr8,72317488,72319340	chr8,124563398,124564124	11.12
chr8,72317488,72319340	chr8,125835364,125835625	19.93
chr8,72317488,72319340	chr9,21819269,21819539	48.75
chr8,72317488,72319340	chr9,61142631,61143126	48.75
chr8,72317488,72319340	chr9,64932810,64933607	53.85
chr8,72317488,72319340	chr9,109095580,109095725	29.08
chr8,72317488,72319340	chr9,118479526,118479779	6.78
chr8,72317488,72319340	chrX,84070249,84070539	19.79
chr8,72317488,72319340	chrX,113831838,113831974	69.54
chr8,72317488,72319340	chrX,154445953,154446064	38.76
chr9,78368132,78368522	chr1,43116340,43117545	6.78
chr9,78368132,78368522	chr1,104950777,104951027	6.78
chr9,78368132,78368522	chr10,83690381,83690882	10.97
chr9,78368132,78368522	chr10,125758822,125759216	43.72
chr9,78368132,78368522	chr11,95388545,95389236	6.78
chr9,78368132,78368522	chr13,25074032,25074430	53.85
chr9,78368132,78368522	chr13,44474103,44474358	10.97
chr9,78368132,78368522	chr14,47161900,47162085	10.97
chr9,78368132,78368522	chr14,93654620,93655669	10.97
chr9,78368132,78368522	chr14,98949745,98950385	24.38
chr9,78368132,78368522	chr15,5597735,5599070	19.79
chr9,78368132,78368522	chr15,60408696,60408934	24.38
chr9,78368132,78368522	chr15,98758123,98758849	6.78
chr9,78368132,78368522	chr16,91775039,91775488	29.08
chr9,78368132,78368522	chr18,89919484,89920944	19.79
chr9,78368132,78368522	chr2,9199244,9201501	15.31
chr9,78368132,78368522	chr2,38745883,38746465	6.78
chr9,78368132,78368522	chr2,42371782,42372875	15.31
chr9,78368132,78368522	chr2,120591169,120591438	6.78
chr9,78368132,78368522	chr3,89034982,89035852	6.78
chr9,78368132,78368522	chr3,90710448,90712038	24.38
chr9,78368132,78368522	chr3,147117417,147118503	6.78
chr9,78368132,78368522	chr4,105675083,105675798	33.87
chr9,78368132,78368522	chr5,121932864,121932986	24.38
chr9,78368132,78368522	chr6,5144088,5144675	19.79
chr9,78368132,78368522	chr7,101135564,101136247	19.79
chr9,78368132,78368522	chr8,64966116,64966371	24.38
chr9,78368132,78368522	chr9,21862296,21863526	24.5
chr9,78368132,78368522	chr9,23792415,23792698	11.11
chr9,78368132,78368522	chr9,33849629,33850367	11.19
chr9,78368132,78368522	chr9,40328461,40329188	11.29
chr9,78368132,78368522	chr9,46897309,46897816	24.96
chr9,78368132,78368522	chr9,47236726,47237442	59.5
chr9,78368132,78368522	chr9,56622964,56623687	39.69
chr9,78368132,78368522	chr9,57562864,57563823	30.09
chr9,78368132,78368522	chr9,62994148,62995232	12.53
chr9,78368132,78368522	chr9,65327840,65328925	17.16
chr9,78368132,78368522	chr9,67693399,67693683	9.11
chr9,78368132,78368522	chr9,71735572,71735909	25.62
chr9,78368132,78368522	chr9,73461467,73461995	19.41
chr9,78368132,78368522	chr9,74963827,74964589	7.65
chr9,78368132,78368522	chr9,75581678,75582517	6.89
chr9,78368132,78368522	chr9,77898776,77899360	6.29
chr9,78368132,78368522	chr9,78037119,78037328	6.27
chr9,78368132,78368522	chr9,78094717,78095192	6
chr9,78368132,78368522	chr9,78501251,78501826	5.06
chr9,78368132,78368522	chr9,78507748,78508286	5.23
chr9,78368132,78368522	chr9,78514750,78515314	5.39
chr9,78368132,78368522	chr9,79331221,79332129	6.73
chr9,78368132,78368522	chr9,83172178,83172792	6.37
chr9,78368132,78368522	chr9,94587760,94588954	12.43
chr9,78368132,78368522	chr9,101976920,101977973	7.6
chr9,78368132,78368522	chr9,106029800,106030159	7.4
chr9,78368132,78368522	chr9,114384730,114385015	11.33
chr9,78368132,78368522	chr9,119759797,119760178	24.75
