chr1,118628128,118629090	chr1,57352711,57353437	9.71
chr1,118628128,118629090	chr1,59096217,59096754	5.76
chr1,118628128,118629090	chr1,84292442,84292858	346.74
chr1,118628128,118629090	chr1,84839558,84839952	228.94
chr1,118628128,118629090	chr1,91561762,91562238	10.24
chr1,118628128,118629090	chr1,93395655,93396036	51.13
chr1,118628128,118629090	chr1,96518677,96519185	71.41
chr1,118628128,118629090	chr1,106759304,106759673	7.78
chr1,118628128,118629090	chr1,111133687,111134639	19.68
chr1,118628128,118629090	chr1,112896798,112896967	93.25
chr1,118628128,118629090	chr1,113938307,113941051	6
chr1,118628128,118629090	chr1,118227419,118227616	6.77
chr1,118628128,118629090	chr1,118348032,118348235	5.06
chr1,118628128,118629090	chr1,118514435,118515582	8.96
chr1,118628128,118629090	chr1,118794521,118795733	5.22
chr1,118628128,118629090	chr1,118922151,118922430	6.81
chr1,118628128,118629090	chr1,119891067,119891375	7.49
chr1,118628128,118629090	chr1,119920871,119922603	12.85
chr1,118628128,118629090	chr1,120511520,120512535	31.36
chr1,118628128,118629090	chr1,124712689,124712994	9.12
chr1,118628128,118629090	chr1,132242726,132243270	11.43
chr1,118628128,118629090	chr1,134038000,134038119	7.22
chr1,118628128,118629090	chr1,136650532,136650931	28.05
chr1,118628128,118629090	chr1,154312959,154314147	41.09
chr1,118628128,118629090	chr1,155185391,155186430	9.95
chr1,118628128,118629090	chr1,157400874,157401042	14.02
chr1,118628128,118629090	chr1,163333411,163333533	91.64
chr1,118628128,118629090	chr1,166120068,166120539	9.79
chr1,118628128,118629090	chr1,169583037,169583492	18.12
chr1,118628128,118629090	chr10,117409973,117411914	86.13
chr1,118628128,118629090	chr11,54168033,54169151	5.64
chr1,118628128,118629090	chr11,56595656,56597336	50.41
chr1,118628128,118629090	chr11,58605415,58605953	5.64
chr1,118628128,118629090	chr12,105447549,105448011	65.4
chr1,118628128,118629090	chr13,95915297,95915464	36
chr1,118628128,118629090	chr13,96768244,96769309	31.35
chr1,118628128,118629090	chr3,65270939,65271299	5.64
chr1,118628128,118629090	chr4,106114369,106114837	26.79
chr1,118628128,118629090	chr6,86695206,86695339	5.64
chr1,118628128,118629090	chr8,15424101,15424205	5.64
chr1,118628128,118629090	chr8,124508341,124509234	102.15
chr1,118628128,118629090	chr9,21366314,21366751	5.64
chr1,118628128,118629090	chrX,102560593,102560825	45.53
chr11,100938874,100939386	chr1,123281342,123281887	13.71
chr11,100938874,100939386	chr10,68444370,68445217	17.96
chr11,100938874,100939386	chr10,76394832,76395010	50.41
chr11,100938874,100939386	chr11,29636320,29637044	5.71
chr11,100938874,100939386	chr11,60412881,60413033	102.39
chr11,100938874,100939386	chr11,76182217,76184464	23.02
chr11,100938874,100939386	chr11,84074704,84074932	175.61
chr11,100938874,100939386	chr11,87082646,87083002	21.85
chr11,100938874,100939386	chr11,98110559,98110769	10.17
chr11,100938874,100939386	chr11,100475763,100475891	5.14
chr11,100938874,100939386	chr11,100490770,100490966	7.95
chr11,100938874,100939386	chr11,100807802,100808259	6.44
chr11,100938874,100939386	chr11,100858731,100858998	6.88
chr11,100938874,100939386	chr11,100868104,100868586	8.36
chr11,100938874,100939386	chr11,100885277,100885873	5.12
chr11,100938874,100939386	chr11,101067129,101067810	5.21
chr11,100938874,100939386	chr11,101080024,101080247	5.5
chr11,100938874,100939386	chr11,101122875,101123015	5.52
chr11,100938874,100939386	chr11,101775799,101776141	8.45
chr11,100938874,100939386	chr11,101931288,101931629	12.94
chr11,100938874,100939386	chr11,115641951,115642302	7.26
chr11,100938874,100939386	chr11,116337666,116338192	11.07
chr11,100938874,100939386	chr11,121595701,121595859	10.61
chr11,100938874,100939386	chr12,87395719,87396329	5.64
chr11,100938874,100939386	chr13,98144148,98146366	22.32
chr11,100938874,100939386	chr14,100035541,100035893	175.25
chr11,100938874,100939386	chr15,75950973,75951277	124.06
chr11,100938874,100939386	chr15,79694262,79694649	5.64
chr11,100938874,100939386	chr15,89167210,89168240	40.73
chr11,100938874,100939386	chr15,98153770,98154610	113.03
chr11,100938874,100939386	chr15,98664082,98664623	5.64
chr11,100938874,100939386	chr16,14370196,14371900	9.6
chr11,100938874,100939386	chr16,19741576,19741855	22.32
chr11,100938874,100939386	chr16,50891067,50891500	9.6
chr11,100938874,100939386	chr17,46112533,46112747	13.71
chr11,100938874,100939386	chr17,85288368,85289057	70.5
chr11,100938874,100939386	chr18,24504689,24505291	352.77
chr11,100938874,100939386	chr19,56452991,56454540	9.6
chr11,100938874,100939386	chr2,57873808,57874137	31.35
chr11,100938874,100939386	chr2,170976568,170977246	13.71
chr11,100938874,100939386	chr3,17736634,17737187	13.71
chr11,100938874,100939386	chr3,102567954,102568594	31.35
chr11,100938874,100939386	chr4,34869153,34869849	36
chr11,100938874,100939386	chr4,56089724,56090042	22.32
chr11,100938874,100939386	chr4,133167181,133167807	50.41
chr11,100938874,100939386	chr5,29446509,29447129	80.87
chr11,100938874,100939386	chr5,64972783,64973111	13.71
chr11,100938874,100939386	chr5,103310993,103313632	5.64
chr11,100938874,100939386	chr6,58498316,58498547	26.79
chr11,100938874,100939386	chr7,16534154,16534849	31.35
chr11,100938874,100939386	chr7,105463207,105463313	449.96
chr11,100938874,100939386	chr8,119839262,119839897	26.79
chr11,100938874,100939386	chr9,56654625,56654798	5.64
chr11,100938874,100939386	chr9,97189032,97189257	5.64
chr12,86419274,86422913	chr1,24220711,24221581	456.55
chr12,86419274,86422913	chr1,89294265,89294662	40.73
chr12,86419274,86422913	chr1,100499538,100499934	5.64
chr12,86419274,86422913	chr1,133412673,133413080	26.79
chr12,86419274,86422913	chr1,186768508,186768735	9.6
chr12,86419274,86422913	chr10,66902922,66904431	17.96
chr12,86419274,86422913	chr11,6395073,6395423	9.6
chr12,86419274,86422913	chr11,52601584,52603523	80.87
chr12,86419274,86422913	chr11,59136621,59137196	50.41
chr12,86419274,86422913	chr11,70644764,70645086	26.79
chr12,86419274,86422913	chr11,108752598,108753679	9.6
chr12,86419274,86422913	chr12,4158994,4159297	26.84
chr12,86419274,86422913	chr12,5790365,5791596	204.66
chr12,86419274,86422913	chr12,10213963,10214262	13.77
chr12,86419274,86422913	chr12,14918600,14919018	40.79
chr12,86419274,86422913	chr12,26237349,26237498	9.71
chr12,86419274,86422913	chr12,44552025,44552488	22.57
chr12,86419274,86422913	chr12,45356458,45358425	40.97
chr12,86419274,86422913	chr12,46820778,46821291	146.68
chr12,86419274,86422913	chr12,52876086,52876527	81.19
chr12,86419274,86422913	chr12,54315851,54316346	22.73
chr12,86419274,86422913	chr12,56536473,56536710	14.21
chr12,86419274,86422913	chr12,57355693,57355822	6.19
chr12,86419274,86422913	chr12,62217420,62218550	345.01
chr12,86419274,86422913	chr12,64102513,64103860	186.74
chr12,86419274,86422913	chr12,64713370,64713696	36.83
chr12,86419274,86422913	chr12,67731579,67732664	32.39
chr12,86419274,86422913	chr12,69419941,69420454	316.29
chr12,86419274,86422913	chr12,70547293,70548009	14.16
chr12,86419274,86422913	chr12,70655928,70656790	17.22
chr12,86419274,86422913	chr12,70685898,70686301	156.81
chr12,86419274,86422913	chr12,73549151,73549707	13.11
chr12,86419274,86422913	chr12,75766162,75766305	376.89
chr12,86419274,86422913	chr12,79785030,79785535	11.56
chr12,86419274,86422913	chr12,80526622,80526923	5.26
chr12,86419274,86422913	chr12,80615255,80615454	14.14
chr12,86419274,86422913	chr12,81313395,81313952	7.14
chr12,86419274,86422913	chr12,81544761,81545274	19.24
chr12,86419274,86422913	chr12,82666273,82666575	6.49
chr12,86419274,86422913	chr12,83135866,83136081	5.17
chr12,86419274,86422913	chr12,83242520,83243222	11.42
chr12,86419274,86422913	chr12,85790029,85790360	6.45
chr12,86419274,86422913	chr12,85812653,85813998	5.35
chr12,86419274,86422913	chr12,85840591,85841402	9.7
chr12,86419274,86422913	chr12,85919529,85920489	5.09
chr12,86419274,86422913	chr12,86044742,86045494	6.05
chr12,86419274,86422913	chr12,86070287,86070653	5.03
chr12,86419274,86422913	chr12,86128791,86129046	6.99
chr12,86419274,86422913	chr12,86146956,86147843	5.09
chr12,86419274,86422913	chr12,86458743,86459037	5.86
chr12,86419274,86422913	chr12,86525135,86525777	5.22
chr12,86419274,86422913	chr12,86554604,86554812	7.44
chr12,86419274,86422913	chr12,89041754,89041874	5.57
chr12,86419274,86422913	chr12,91018527,91018707	14.41
chr12,86419274,86422913	chr12,91138851,91140175	7.77
chr12,86419274,86422913	chr12,91430075,91430648	11.39
chr12,86419274,86422913	chr12,96441052,96441371	212.89
chr12,86419274,86422913	chr12,98243152,98244035	23.95
chr12,86419274,86422913	chr12,98694619,98695602	19.9
chr12,86419274,86422913	chr12,99011243,99011377	301.55
chr12,86419274,86422913	chr12,102986000,102986577	14.29
chr12,86419274,86422913	chr12,103132481,103132922	6.93
chr12,86419274,86422913	chr12,104146163,104146532	10.67
chr12,86419274,86422913	chr12,104277493,104278776	41.75
chr12,86419274,86422913	chr12,104779674,104780198	21.43
chr12,86419274,86422913	chr12,105983558,105983682	14.52
chr12,86419274,86422913	chr12,106671756,106672098	14.52
chr12,86419274,86422913	chr12,107652282,107653054	6.59
chr12,86419274,86422913	chr12,108373145,108374608	32.18
chr12,86419274,86422913	chr12,108468135,108468337	22.51
chr12,86419274,86422913	chr12,110170573,110170853	246.17
chr12,86419274,86422913	chr12,112487522,112488070	14.34
chr12,86419274,86422913	chr12,113179235,113179494	6.28
chr12,86419274,86422913	chr12,117500397,117500982	10.07
chr12,86419274,86422913	chr12,117985729,117986170	384.23
chr12,86419274,86422913	chr12,118598908,118599110	41.14
chr12,86419274,86422913	chr13,31273193,31273402	36
chr12,86419274,86422913	chr13,51435028,51435290	9.6
chr12,86419274,86422913	chr13,85248322,85249129	5.64
chr12,86419274,86422913	chr13,113194761,113194885	22.32
chr12,86419274,86422913	chr14,56201973,56202898	36
chr12,86419274,86422913	chr16,93862983,93864064	5.64
chr12,86419274,86422913	chr17,83774166,83774918	26.79
chr12,86419274,86422913	chr18,26346885,26347132	26.79
chr12,86419274,86422913	chr19,6144949,6146041	9.6
chr12,86419274,86422913	chr19,22950017,22950159	26.79
chr12,86419274,86422913	chr19,25910334,25910680	549.9
chr12,86419274,86422913	chr19,34820307,34821727	22.32
chr12,86419274,86422913	chr2,49579214,49579342	265.07
chr12,86419274,86422913	chr2,78810421,78810582	5.64
chr12,86419274,86422913	chr2,115629222,115629647	31.35
chr12,86419274,86422913	chr3,59938870,59939054	9.6
chr12,86419274,86422913	chr3,129662756,129662870	26.79
chr12,86419274,86422913	chr4,33629865,33630047	9.6
chr12,86419274,86422913	chr4,34024690,34024866	26.79
chr12,86419274,86422913	chr4,75041254,75041687	9.6
chr12,86419274,86422913	chr4,96691108,96692608	17.96
chr12,86419274,86422913	chr5,20964091,20965019	9.6
chr12,86419274,86422913	chr5,133777806,133778773	31.35
chr12,86419274,86422913	chr6,28961991,28962544	13.71
chr12,86419274,86422913	chr6,57600146,57600407	22.32
chr12,86419274,86422913	chr7,75701780,75702280	5.64
chr12,86419274,86422913	chr7,117709627,117711559	31.35
chr12,86419274,86422913	chr7,140853863,140854105	31.35
chr12,86419274,86422913	chr9,104443116,104443793	26.79
chr12,86419274,86422913	chr9,123314351,123314880	9.6
chr12,86419274,86422913	chrX,128104342,128104674	75.66
chr15,7128930,7130283	chr10,45386054,45386987	91.43
chr15,7128930,7130283	chr11,89863843,89864712	113.03
chr15,7128930,7130283	chr12,17884305,17884921	146.51
chr15,7128930,7130283	chr12,105722140,105722552	5.64
chr15,7128930,7130283	chr12,113517789,113518434	55.34
chr15,7128930,7130283	chr15,3635057,3635515	110.53
chr15,7128930,7130283	chr15,4744618,4744884	5.16
chr15,7128930,7130283	chr15,6687398,6687925	6.31
chr15,7128930,7130283	chr15,6902214,6902655	6.08
chr15,7128930,7130283	chr15,6996821,6997297	6.65
chr15,7128930,7130283	chr15,7258370,7258882	5.86
chr15,7128930,7130283	chr15,7407835,7408615	6.69
chr15,7128930,7130283	chr15,7435352,7436800	6.83
chr15,7128930,7130283	chr15,7721480,7722048	5.02
chr15,7128930,7130283	chr15,8620589,8621694	8.75
chr15,7128930,7130283	chr15,10130905,10131445	5.93
chr15,7128930,7130283	chr15,23192993,23193791	22.08
chr15,7128930,7130283	chr15,24089746,24089916	6.98
chr15,7128930,7130283	chr15,33770344,33770583	97.29
chr15,7128930,7130283	chr15,33861605,33862497	46.14
chr15,7128930,7130283	chr15,40117291,40117963	6.07
chr15,7128930,7130283	chr15,41399088,41399445	9.99
chr15,7128930,7130283	chr15,57512293,57513057	13.88
chr15,7128930,7130283	chr15,68450121,68450319	13.81
chr15,7128930,7130283	chr15,70464972,70465583	5.74
chr15,7128930,7130283	chr15,72291196,72291664	240.7
chr15,7128930,7130283	chr15,73625505,73626150	26.87
chr15,7128930,7130283	chr15,74512982,74513622	18.04
chr15,7128930,7130283	chr15,87399209,87399729	5.7
chr15,7128930,7130283	chr15,88109761,88110613	5.69
chr15,7128930,7130283	chr15,103460775,103461026	9.63
chr15,7128930,7130283	chr16,34335500,34336034	13.71
chr15,7128930,7130283	chr17,73202824,73203460	26.79
chr15,7128930,7130283	chr18,9641844,9641946	22.32
chr15,7128930,7130283	chr18,81782499,81783469	146.51
chr15,7128930,7130283	chr2,37107323,37107556	17.96
chr15,7128930,7130283	chr4,3249664,3249849	75.66
chr15,7128930,7130283	chr4,8338234,8338995	9.6
chr15,7128930,7130283	chr4,19866830,19868042	17.96
chr15,7128930,7130283	chr7,51729449,51730850	17.96
chr15,7128930,7130283	chr8,8209954,8210613	13.71
chr15,7128930,7130283	chr8,109488089,109489250	9.6
chr15,7128930,7130283	chr8,114652309,114653151	5.64
chr15,7128930,7130283	chr9,96946090,96946352	146.51
chr16,10479663,10480580	chr1,175177318,175177846	80.87
chr16,10479663,10480580	chr10,89832084,89832407	157.92
chr16,10479663,10480580	chr10,106680155,106680540	45.53
chr16,10479663,10480580	chr10,125892636,125893380	5.64
chr16,10479663,10480580	chr11,76699813,76700132	9.6
chr16,10479663,10480580	chr12,108407693,108407859	45.53
chr16,10479663,10480580	chr13,6869781,6870834	13.71
chr16,10479663,10480580	chr13,48787908,48788150	5.64
chr16,10479663,10480580	chr13,74911932,74912675	5.64
chr16,10479663,10480580	chr13,89868085,89868922	5.64
chr16,10479663,10480580	chr13,96984097,96984953	9.6
chr16,10479663,10480580	chr14,18290448,18290723	17.96
chr16,10479663,10480580	chr14,111119524,111119802	31.35
chr16,10479663,10480580	chr15,41548458,41549380	13.71
chr16,10479663,10480580	chr15,79739305,79740330	36
chr16,10479663,10480580	chr15,88747658,88747834	5.64
chr16,10479663,10480580	chr16,4118969,4119264	25.26
chr16,10479663,10480580	chr16,5201605,5202252	22.11
chr16,10479663,10480580	chr16,7728015,7728873	5.15
chr16,10479663,10480580	chr16,8422293,8422667	30.33
chr16,10479663,10480580	chr16,8617325,8617700	28.78
chr16,10479663,10480580	chr16,10283259,10284136	5.4
chr16,10479663,10480580	chr16,10381363,10382419	5.14
chr16,10479663,10480580	chr16,10712981,10714010	5.07
chr16,10479663,10480580	chr16,10774933,10775521	5.1
chr16,10479663,10480580	chr16,10822384,10822499	5.26
chr16,10479663,10480580	chr16,10824824,10825666	10.28
chr16,10479663,10480580	chr16,11096046,11096796	5.79
chr16,10479663,10480580	chr16,11508212,11508580	6.66
chr16,10479663,10480580	chr16,12038677,12038796	7.39
chr16,10479663,10480580	chr16,12564137,12564358	7.22
chr16,10479663,10480580	chr16,16875863,16876173	15.87
chr16,10479663,10480580	chr16,17015357,17016564	21.9
chr16,10479663,10480580	chr16,17246938,17247684	16.43
chr16,10479663,10480580	chr16,22896202,22896576	7.61
chr16,10479663,10480580	chr16,23488762,23489441	11.39
chr16,10479663,10480580	chr16,29582353,29584695	27.92
chr16,10479663,10480580	chr16,33671217,33671702	61.13
chr16,10479663,10480580	chr16,37033856,37034534	71.12
chr16,10479663,10480580	chr16,38125014,38125270	22.95
chr16,10479663,10480580	chr16,38959916,38960619	27.36
chr16,10479663,10480580	chr16,40331081,40332351	55.85
chr16,10479663,10480580	chr16,58730859,58731636	13.9
chr16,10479663,10480580	chr16,63437309,63437838	22.45
chr16,10479663,10480580	chr16,63504607,63507154	55.48
chr16,10479663,10480580	chr16,76344287,76344561	456.59
chr16,10479663,10480580	chr17,24953491,24953772	26.79
chr16,10479663,10480580	chr17,84360333,84361783	283.58
chr16,10479663,10480580	chr18,21107005,21107995	469.75
chr16,10479663,10480580	chr18,38202688,38203265	13.71
chr16,10479663,10480580	chr18,38661826,38662617	5.64
chr16,10479663,10480580	chr19,44988042,44988664	352.77
chr16,10479663,10480580	chr2,3247503,3247996	31.35
chr16,10479663,10480580	chr2,90744806,90745487	31.35
chr16,10479663,10480580	chr2,104869712,104870053	9.6
chr16,10479663,10480580	chr2,180611049,180611409	36
chr16,10479663,10480580	chr4,122938668,122938888	31.35
chr16,10479663,10480580	chr5,43813987,43814743	45.53
chr16,10479663,10480580	chr5,53353025,53353238	9.6
chr16,10479663,10480580	chr5,105529115,105529654	36
chr16,10479663,10480580	chr6,17589238,17590886	40.73
chr16,10479663,10480580	chr6,56601184,56601376	17.96
chr16,10479663,10480580	chrX,112689084,112690469	36
chr16,10486858,10489086	chr1,6881326,6881769	9.6
chr16,10486858,10489086	chr1,9515621,9515809	13.71
chr16,10486858,10489086	chr1,60659736,60659856	26.79
chr16,10486858,10489086	chr1,74081876,74082384	13.71
chr16,10486858,10489086	chr1,126556590,126556705	26.79
chr16,10486858,10489086	chr1,135690745,135691174	17.96
chr16,10486858,10489086	chr1,157069712,157069902	26.79
chr16,10486858,10489086	chr10,44902089,44903382	9.6
chr16,10486858,10489086	chr11,51179543,51179870	228.56
chr16,10486858,10489086	chr12,107824223,107824608	17.96
chr16,10486858,10489086	chr13,45371820,45372127	384.83
chr16,10486858,10489086	chr13,79075322,79075679	17.96
chr16,10486858,10489086	chr13,92115432,92115809	45.53
chr16,10486858,10489086	chr14,32189503,32189861	65.4
chr16,10486858,10489086	chr14,70087799,70088374	60.34
chr16,10486858,10489086	chr15,15308337,15309103	5.64
chr16,10486858,10489086	chr15,101517114,101517951	228.56
chr16,10486858,10489086	chr16,4108305,4108793	9.96
chr16,10486858,10489086	chr16,5117032,5117243	335.34
chr16,10486858,10489086	chr16,6206959,6207291	10.89
chr16,10486858,10489086	chr16,8468858,8469293	8.37
chr16,10486858,10489086	chr16,9243263,9244480	6.61
chr16,10486858,10489086	chr16,9556572,9556724	5.16
chr16,10486858,10489086	chr16,9934235,9934640	5.28
chr16,10486858,10489086	chr16,10106491,10108336	5.4
chr16,10486858,10489086	chr16,10164824,10165404	5.08
chr16,10486858,10489086	chr16,10213243,10213829	5.26
chr16,10486858,10489086	chr16,10263206,10263455	5.03
chr16,10486858,10489086	chr16,10277251,10277432	10.22
chr16,10486858,10489086	chr16,10288378,10288500	5
chr16,10486858,10489086	chr16,10290924,10291212	6.07
chr16,10486858,10489086	chr16,10314100,10314438	5.38
chr16,10486858,10489086	chr16,10455346,10456239	5.94
chr16,10486858,10489086	chr16,10466205,10466400	5.36
chr16,10486858,10489086	chr16,10810164,10810969	5.18
chr16,10486858,10489086	chr16,10827670,10827816	5.39
chr16,10486858,10489086	chr16,10879319,10879667	5.19
chr16,10486858,10489086	chr16,10904298,10905494	5.07
chr16,10486858,10489086	chr16,11103492,11104117	5.78
chr16,10486858,10489086	chr16,13634576,13634769	11.55
chr16,10486858,10489086	chr16,15065287,15066282	5.43
chr16,10486858,10489086	chr16,15428232,15428589	8.36
chr16,10486858,10489086	chr16,16946307,16946981	424.43
chr16,10486858,10489086	chr16,17248803,17248955	6.74
chr16,10486858,10489086	chr16,18373193,18373343	15.26
chr16,10486858,10489086	chr16,18889306,18889870	11.83
chr16,10486858,10489086	chr16,19377543,19377724	314.71
chr16,10486858,10489086	chr16,20685198,20686020	7.56
chr16,10486858,10489086	chr16,24170277,24170514	66.56
chr16,10486858,10489086	chr16,29118667,29119348	71.44
chr16,10486858,10489086	chr16,33301085,33302863	10.45
chr16,10486858,10489086	chr16,35242902,35243413	397.08
chr16,10486858,10489086	chr16,45733051,45733246	31.71
chr16,10486858,10489086	chr16,49763404,49764204	463.04
chr16,10486858,10489086	chr16,52044247,52044679	36.25
chr16,10486858,10489086	chr16,52386999,52387747	31.6
chr16,10486858,10489086	chr16,57738485,57739086	45.71
chr16,10486858,10489086	chr16,78034754,78034861	31.43
chr16,10486858,10489086	chr16,94167297,94168029	45.58
chr16,10486858,10489086	chr16,97823348,97826260	50.45
chr16,10486858,10489086	chr16,97923769,97924196	18
chr16,10486858,10489086	chr17,7592138,7592754	321.08
chr16,10486858,10489086	chr17,76037103,76037274	404.23
chr16,10486858,10489086	chr17,89350237,89350798	13.71
chr16,10486858,10489086	chr18,7657574,7658609	17.96
chr16,10486858,10489086	chr18,10310343,10310693	152.2
chr16,10486858,10489086	chr18,36033438,36034137	604.17
chr16,10486858,10489086	chr18,53380341,53380512	17.96
chr16,10486858,10489086	chr18,71249000,71250048	9.6
chr16,10486858,10489086	chr19,41932516,41932914	13.71
chr16,10486858,10489086	chr3,84634029,84635625	9.6
chr16,10486858,10489086	chr3,133899485,133899694	198.71
chr16,10486858,10489086	chr4,14928659,14928864	17.96
chr16,10486858,10489086	chr4,136326243,136326872	50.41
chr16,10486858,10489086	chr4,150304871,150305036	40.73
chr16,10486858,10489086	chr5,29017233,29017935	17.96
chr16,10486858,10489086	chr5,118802381,118802882	22.32
chr16,10486858,10489086	chr5,122135818,122136533	45.53
chr16,10486858,10489086	chr5,146829470,146829876	13.71
chr16,10486858,10489086	chr6,17519263,17519608	75.66
chr16,10486858,10489086	chr6,111718374,111718752	13.71
chr16,10486858,10489086	chr6,112384742,112384911	216.55
chr16,10486858,10489086	chr6,120158334,120158442	75.66
chr16,10486858,10489086	chr7,5935773,5936195	9.6
chr16,10486858,10489086	chr7,49445630,49446342	13.71
chr16,10486858,10489086	chr7,65765736,65765995	17.96
chr16,10486858,10489086	chr8,35953119,35953275	17.96
chr16,10486858,10489086	chr9,15097085,15097310	17.96
chr16,10486858,10489086	chr9,44492939,44493309	50.41
chr16,10486858,10489086	chr9,46349410,46351172	489.64
chr16,10486858,10489086	chrX,157645484,157646037	31.35
chr16,10489551,10489878	chr1,5023532,5024130	5.64
chr16,10489551,10489878	chr1,13134287,13135176	31.35
chr16,10489551,10489878	chr1,36474736,36475069	31.35
chr16,10489551,10489878	chr1,159594318,159594585	198.71
chr16,10489551,10489878	chr10,8778440,8779206	22.32
chr16,10489551,10489878	chr10,38721627,38721834	13.71
chr16,10489551,10489878	chr10,72456022,72456327	576.96
chr16,10489551,10489878	chr11,55397678,55398563	5.64
chr16,10489551,10489878	chr11,58879628,58880111	296.01
chr16,10489551,10489878	chr11,72525165,72526321	9.6
chr16,10489551,10489878	chr12,3705302,3706143	31.35
chr16,10489551,10489878	chr13,91093811,91093983	55.34
chr16,10489551,10489878	chr13,96433883,96434009	9.6
chr16,10489551,10489878	chr14,60197488,60197853	9.6
chr16,10489551,10489878	chr15,6484822,6485152	45.53
chr16,10489551,10489878	chr15,9529364,9529601	26.79
chr16,10489551,10489878	chr15,40722827,40723321	9.6
chr16,10489551,10489878	chr15,57888684,57890053	45.53
chr16,10489551,10489878	chr15,97926888,97927567	5.64
chr16,10489551,10489878	chr16,3963007,3964322	11.47
chr16,10489551,10489878	chr16,4139930,4140114	449.86
chr16,10489551,10489878	chr16,4821327,4821537	7.01
chr16,10489551,10489878	chr16,8522630,8523022	7.56
chr16,10489551,10489878	chr16,8534857,8535710	9.06
chr16,10489551,10489878	chr16,8672163,8672830	6.2
chr16,10489551,10489878	chr16,8790918,8791135	6.86
chr16,10489551,10489878	chr16,9684125,9684542	21.83
chr16,10489551,10489878	chr16,10124611,10124812	11.22
chr16,10489551,10489878	chr16,10271453,10271595	5.7
chr16,10489551,10489878	chr16,10368481,10369220	5.29
chr16,10489551,10489878	chr16,10396611,10397005	5.09
chr16,10489551,10489878	chr16,10461408,10461613	5.03
chr16,10489551,10489878	chr16,10583581,10583986	5.98
chr16,10489551,10489878	chr16,10591810,10592403	8.72
chr16,10489551,10489878	chr16,10792957,10793332	5.93
chr16,10489551,10489878	chr16,10828677,10830145	5.74
chr16,10489551,10489878	chr16,10944565,10944698	5.81
chr16,10489551,10489878	chr16,11248096,11248197	5.79
chr16,10489551,10489878	chr16,11563189,11564979	5.1
chr16,10489551,10489878	chr16,11647385,11648564	5.73
chr16,10489551,10489878	chr16,12037243,12037901	6.88
chr16,10489551,10489878	chr16,13366917,13367076	5.83
chr16,10489551,10489878	chr16,14200142,14201335	10.2
chr16,10489551,10489878	chr16,14319895,14321494	11.58
chr16,10489551,10489878	chr16,18196470,18196858	70.81
chr16,10489551,10489878	chr16,18673087,18674047	19.65
chr16,10489551,10489878	chr16,21928565,21929067	42.57
chr16,10489551,10489878	chr16,22398371,22398767	56.96
chr16,10489551,10489878	chr16,24728318,24729110	11.21
chr16,10489551,10489878	chr16,26794840,26795175	19.13
chr16,10489551,10489878	chr16,29353159,29353717	371.22
chr16,10489551,10489878	chr16,29778748,29779851	56.38
chr16,10489551,10489878	chr16,37408347,37409289	51.02
chr16,10489551,10489878	chr16,37677047,37677335	6.27
chr16,10489551,10489878	chr16,38644563,38645164	50.97
chr16,10489551,10489878	chr16,41445260,41445514	10.09
chr16,10489551,10489878	chr16,43315215,43316347	22.77
chr16,10489551,10489878	chr16,43654757,43655383	45.94
chr16,10489551,10489878	chr16,44523345,44523875	27.18
chr16,10489551,10489878	chr16,57304833,57305228	430.35
chr16,10489551,10489878	chr16,60616685,60617350	22.5
chr16,10489551,10489878	chr16,90370744,90371705	65.44
chr16,10489551,10489878	chr17,47767536,47768834	22.32
chr16,10489551,10489878	chr18,7920582,7920701	277.39
chr16,10489551,10489878	chr18,36265162,36265566	55.34
chr16,10489551,10489878	chr18,39088873,39089802	26.79
chr16,10489551,10489878	chr4,45833966,45834966	216.55
chr16,10489551,10489878	chr4,50138503,50138909	26.79
chr16,10489551,10489878	chr4,110926455,110926572	17.96
chr16,10489551,10489878	chr4,110982051,110982231	22.32
chr16,10489551,10489878	chr4,150207750,150208994	31.35
chr16,10489551,10489878	chr5,28662276,28662564	22.32
chr16,10489551,10489878	chr5,81724097,81724444	5.64
chr16,10489551,10489878	chr5,91203825,91204717	13.71
chr16,10489551,10489878	chr6,6474226,6475044	40.73
chr16,10489551,10489878	chr6,25766565,25767470	31.35
chr16,10489551,10489878	chr6,34320141,34320371	45.53
chr16,10489551,10489878	chr6,48751875,48752055	22.32
chr16,10489551,10489878	chr7,28050681,28051232	13.71
chr16,10489551,10489878	chr7,82311962,82312369	13.71
chr16,10489551,10489878	chr7,138407688,138407963	9.6
chr16,10489551,10489878	chr8,86600627,86601052	118.53
chr16,10489551,10489878	chr9,30401920,30402440	40.73
chr16,10489551,10489878	chr9,33470320,33470566	13.71
chr16,10489551,10489878	chr9,35533810,35534256	9.6
chr16,10489551,10489878	chr9,47283108,47283782	17.96
chr16,10489551,10489878	chr9,79238635,79238843	17.96
chr16,10489551,10489878	chrX,17376805,17377295	9.6
chr16,10489551,10489878	chrX,50765194,50765750	9.6
chr2,168766420,168767218	chr1,89799350,89799586	22.32
chr2,168766420,168767218	chr1,149976308,149977056	65.4
chr2,168766420,168767218	chr1,173861276,173861674	75.66
chr2,168766420,168767218	chr10,108428076,108428416	9.6
chr2,168766420,168767218	chr10,117135462,117137576	13.71
chr2,168766420,168767218	chr11,108665777,108666100	65.4
chr2,168766420,168767218	chr13,43920875,43921055	26.79
chr2,168766420,168767218	chr13,49567265,49568041	124.06
chr2,168766420,168767218	chr13,71256845,71259572	70.5
chr2,168766420,168767218	chr13,87917172,87918194	5.64
chr2,168766420,168767218	chr13,104296319,104297292	163.67
chr2,168766420,168767218	chr15,10567313,10567721	26.79
chr2,168766420,168767218	chr15,67942875,67944895	22.32
chr2,168766420,168767218	chr18,56482500,56482619	17.96
chr2,168766420,168767218	chr18,71668253,71669578	9.6
chr2,168766420,168767218	chr18,88958623,88959672	91.43
chr2,168766420,168767218	chr19,58763094,58763432	222.54
chr2,168766420,168767218	chr2,24961069,24961842	289.79
chr2,168766420,168767218	chr2,38558927,38559042	333.71
chr2,168766420,168767218	chr2,52437270,52437519	17.98
chr2,168766420,168767218	chr2,68277714,68278175	22.37
chr2,168766420,168767218	chr2,80030250,80030667	18
chr2,168766420,168767218	chr2,107853504,107854023	9.7
chr2,168766420,168767218	chr2,109963950,109964346	13.83
chr2,168766420,168767218	chr2,112670625,112671350	9.73
chr2,168766420,168767218	chr2,117772098,117773411	45.68
chr2,168766420,168767218	chr2,124811342,124811671	22.55
chr2,168766420,168767218	chr2,126655958,126656846	5.89
chr2,168766420,168767218	chr2,127428293,127428399	40.98
chr2,168766420,168767218	chr2,127846289,127847080	118.74
chr2,168766420,168767218	chr2,128205483,128206053	5.91
chr2,168766420,168767218	chr2,131805196,131806457	289.83
chr2,168766420,168767218	chr2,131856640,131857169	163.88
chr2,168766420,168767218	chr2,132756484,132756751	6
chr2,168766420,168767218	chr2,141613600,141614672	10.22
chr2,168766420,168767218	chr2,145312138,145312841	41.48
chr2,168766420,168767218	chr2,150988219,150988640	41.83
chr2,168766420,168767218	chr2,153406864,153408946	7.11
chr2,168766420,168767218	chr2,153908514,153908890	7.16
chr2,168766420,168767218	chr2,154001321,154002045	37.37
chr2,168766420,168767218	chr2,155788498,155788663	7.33
chr2,168766420,168767218	chr2,158751888,158752529	7.34
chr2,168766420,168767218	chr2,159316158,159316827	264.28
chr2,168766420,168767218	chr2,159893405,159894135	165.06
chr2,168766420,168767218	chr2,160080192,160081810	74.32
chr2,168766420,168767218	chr2,160704350,160704583	10.91
chr2,168766420,168767218	chr2,163103942,163105564	11.35
chr2,168766420,168767218	chr2,165055694,165055851	5.42
chr2,168766420,168767218	chr2,168161530,168162051	5.22
chr2,168766420,168767218	chr2,168309287,168309446	9.63
chr2,168766420,168767218	chr2,168670527,168670715	6.01
chr2,168766420,168767218	chr2,168684987,168685267	5.86
chr2,168766420,168767218	chr2,168721108,168721525	5.72
chr2,168766420,168767218	chr2,168842445,168842997	5.63
chr2,168766420,168767218	chr2,168873709,168874002	5.01
chr2,168766420,168767218	chr2,169170079,169170991	6.36
chr2,168766420,168767218	chr2,169645771,169645899	7.97
chr2,168766420,168767218	chr2,170138168,170138683	5.05
chr2,168766420,168767218	chr2,171341213,171341548	6.18
chr2,168766420,168767218	chr2,171855875,171857472	21.08
chr2,168766420,168767218	chr2,172429033,172429507	5.37
chr2,168766420,168767218	chr2,172897288,172898255	10.82
chr2,168766420,168767218	chr2,174864713,174865287	26.17
chr2,168766420,168767218	chr2,178093409,178094113	16.09
chr2,168766420,168767218	chr2,178502731,178503138	210.98
chr2,168766420,168767218	chr2,179787845,179788381	20.1
chr2,168766420,168767218	chr2,180051865,180052486	96.36
chr2,168766420,168767218	chr2,180124935,180125204	13.22
chr2,168766420,168767218	chr2,180763344,180763854	211.39
chr2,168766420,168767218	chr2,181447289,181447888	51.66
chr2,168766420,168767218	chr3,74574545,74574789	26.79
chr2,168766420,168767218	chr3,125844016,125844486	13.71
chr2,168766420,168767218	chr3,137027944,137029120	216.55
chr2,168766420,168767218	chr3,145821604,145821732	5.64
chr2,168766420,168767218	chr4,134498630,134499977	9.6
chr2,168766420,168767218	chr5,123460393,123460984	5.64
chr2,168766420,168767218	chr5,133786676,133787349	22.32
chr2,168766420,168767218	chr5,136239630,136240104	5.64
chr2,168766420,168767218	chr5,146134850,146136240	22.32
chr2,168766420,168767218	chr6,143292605,143292909	13.71
chr2,168766420,168767218	chr7,12734753,12734951	22.32
chr2,168766420,168767218	chr7,30070288,30070495	175.25
chr2,168766420,168767218	chr7,125517015,125517688	9.6
chr2,168766420,168767218	chr7,131281187,131281524	26.79
chr2,168766420,168767218	chr8,24651465,24651913	5.64
chr2,168766420,168767218	chr8,25970518,25972051	80.87
chr2,168766420,168767218	chr8,84773358,84774078	9.6
chr2,168766420,168767218	chrX,22282603,22282859	9.6
chr3,34648729,34650279	chr11,24764830,24765997	463.14
chr3,34648729,34650279	chr11,66946091,66946329	5.64
chr3,34648729,34650279	chr11,82060541,82061057	91.43
chr3,34648729,34650279	chr11,112280379,112280723	26.79
chr3,34648729,34650279	chr11,116579428,116579654	26.79
chr3,34648729,34650279	chr15,17589427,17589664	5.64
chr3,34648729,34650279	chr15,40786479,40786642	9.6
chr3,34648729,34650279	chr15,91577034,91577188	13.71
chr3,34648729,34650279	chr16,29586302,29586551	13.71
chr3,34648729,34650279	chr16,50103808,50104151	17.96
chr3,34648729,34650279	chr16,87796576,87796970	271.22
chr3,34648729,34650279	chr17,36675089,36675408	5.64
chr3,34648729,34650279	chr17,73154162,73154599	22.32
chr3,34648729,34650279	chr19,58926349,58926734	17.96
chr3,34648729,34650279	chr2,41013991,41014290	17.96
chr3,34648729,34650279	chr3,5852694,5853143	36.55
chr3,34648729,34650279	chr3,13916435,13917234	10.61
chr3,34648729,34650279	chr3,17150315,17151674	19.16
chr3,34648729,34650279	chr3,26164866,26165101	18.61
chr3,34648729,34650279	chr3,26581785,26581909	18.1
chr3,34648729,34650279	chr3,29790791,29793045	17.68
chr3,34648729,34650279	chr3,30518265,30519323	6.32
chr3,34648729,34650279	chr3,31408104,31408842	215.89
chr3,34648729,34650279	chr3,31721488,31721692	10.02
chr3,34648729,34650279	chr3,31816863,31816990	5.19
chr3,34648729,34650279	chr3,32355700,32356177	5.48
chr3,34648729,34650279	chr3,32583559,32583901	11.29
chr3,34648729,34650279	chr3,32708055,32708188	6.28
chr3,34648729,34650279	chr3,32752714,32753289	5.61
chr3,34648729,34650279	chr3,32949216,32949835	6.34
chr3,34648729,34650279	chr3,33585325,33585566	5.33
chr3,34648729,34650279	chr3,33871466,33871707	11.59
chr3,34648729,34650279	chr3,34002467,34002833	5.95
chr3,34648729,34650279	chr3,34399951,34400421	5.07
chr3,34648729,34650279	chr3,34455062,34455376	6.47
chr3,34648729,34650279	chr3,34482234,34482602	8.13
chr3,34648729,34650279	chr3,34484227,34484741	5.33
chr3,34648729,34650279	chr3,34674143,34674513	5.6
chr3,34648729,34650279	chr3,34748833,34749071	5.66
chr3,34648729,34650279	chr3,34914182,34914408	5.08
chr3,34648729,34650279	chr3,35143094,35144381	8.37
chr3,34648729,34650279	chr3,35281152,35282138	7.99
chr3,34648729,34650279	chr3,35486417,35486697	5.89
chr3,34648729,34650279	chr3,35720433,35720633	10.63
chr3,34648729,34650279	chr3,36432892,36433094	6.51
chr3,34648729,34650279	chr3,38674447,38674666	10.23
chr3,34648729,34650279	chr3,39502082,39503442	10.08
chr3,34648729,34650279	chr3,40421997,40422459	9.4
chr3,34648729,34650279	chr3,44757043,44757219	196.66
chr3,34648729,34650279	chr3,49516535,49516883	42.24
chr3,34648729,34650279	chr3,54735112,54735901	152.96
chr3,34648729,34650279	chr3,58471187,58471708	14.51
chr3,34648729,34650279	chr3,58480580,58481269	340.22
chr3,34648729,34650279	chr3,59278309,59279232	36.74
chr3,34648729,34650279	chr3,60049686,60050187	61.02
chr3,34648729,34650279	chr3,61292681,61293589	14.36
chr3,34648729,34650279	chr3,67470432,67471166	124.44
chr3,34648729,34650279	chr3,70307686,70308380	9.96
chr3,34648729,34650279	chr3,78271297,78271420	9.83
chr3,34648729,34650279	chr3,89658306,89658466	13.85
chr3,34648729,34650279	chr3,91207596,91207837	13.84
chr3,34648729,34650279	chr3,99136385,99136711	22.44
chr3,34648729,34650279	chr3,109420882,109421020	5.71
chr3,34648729,34650279	chr3,118020031,118020246	9.65
chr3,34648729,34650279	chr3,136320850,136320999	5.67
chr3,34648729,34650279	chr3,137389212,137389513	240.67
chr3,34648729,34650279	chr3,157608576,157609056	9.62
chr3,34648729,34650279	chr4,44976055,44976619	55.34
chr3,34648729,34650279	chr4,123579390,123579604	9.6
chr3,34648729,34650279	chr5,36766049,36766256	55.34
chr3,34648729,34650279	chr6,130950561,130950791	9.6
chr3,34648729,34650279	chr7,105520891,105521256	5.64
chr4,55531324,55531996	chr1,64258115,64258772	152.2
chr4,55531324,55531996	chr10,4810824,4812303	96.77
chr4,55531324,55531996	chr10,84843893,84844462	5.64
chr4,55531324,55531996	chr11,9348695,9350308	129.63
chr4,55531324,55531996	chr13,110037798,110038445	296.01
chr4,55531324,55531996	chr14,21741867,21742364	228.56
chr4,55531324,55531996	chr14,105700543,105700780	36
chr4,55531324,55531996	chr14,106713215,106713447	234.59
chr4,55531324,55531996	chr17,43750344,43750626	146.51
chr4,55531324,55531996	chr2,70884743,70885291	124.06
chr4,55531324,55531996	chr3,24430904,24431689	31.35
chr4,55531324,55531996	chr4,6866639,6867650	22.47
chr4,55531324,55531996	chr4,11966763,11966981	60.56
chr4,55531324,55531996	chr4,33217329,33217756	10.5
chr4,55531324,55531996	chr4,41639869,41640552	7.38
chr4,55531324,55531996	chr4,44102851,44103148	14.9
chr4,55531324,55531996	chr4,45605265,45605414	7.9
chr4,55531324,55531996	chr4,45841959,45842849	52.18
chr4,55531324,55531996	chr4,52864164,52864393	27.11
chr4,55531324,55531996	chr4,55505675,55505848	5.47
chr4,55531324,55531996	chr4,55589272,55589615	5.42
chr4,55531324,55531996	chr4,55664521,55664891	5.16
chr4,55531324,55531996	chr4,55784299,55784490	6.19
chr4,55531324,55531996	chr4,55859837,55860069	5.15
chr4,55531324,55531996	chr4,56647092,56647303	6.01
chr4,55531324,55531996	chr4,56743771,56743965	7.02
chr4,55531324,55531996	chr4,74353365,74353505	6.82
chr4,55531324,55531996	chr4,80569685,80571011	41.44
chr4,55531324,55531996	chr4,82393111,82393714	41.35
chr4,55531324,55531996	chr4,83263782,83265176	18.56
chr4,55531324,55531996	chr4,88232219,88232503	14.15
chr4,55531324,55531996	chr4,104188302,104188591	75.83
chr4,55531324,55531996	chr4,108873374,108873772	13.86
chr4,55531324,55531996	chr4,115011622,115012043	18.07
chr4,55531324,55531996	chr4,126982330,126982490	5.71
chr4,55531324,55531996	chr5,25890634,25891517	5.64
chr4,55531324,55531996	chr7,79594753,79595374	186.93
chr4,55531324,55531996	chr8,42124618,42125888	9.6
chr4,55531324,55531996	chr9,67693684,67694565	246.72
chr4,55531324,55531996	chr9,85342622,85343256	13.71
chr6,122339268,122340303	chr1,191225422,191226347	36
chr6,122339268,122340303	chr10,94012566,94012827	22.32
chr6,122339268,122340303	chr10,102385677,102386636	9.6
chr6,122339268,122340303	chr12,104008362,104008604	102.15
chr6,122339268,122340303	chr13,96292866,96292995	13.71
chr6,122339268,122340303	chr15,57089691,57089807	13.71
chr6,122339268,122340303	chr16,14350402,14351049	17.96
chr6,122339268,122340303	chr17,87086760,87086983	5.64
chr6,122339268,122340303	chr18,5306183,5306478	96.77
chr6,122339268,122340303	chr19,50318081,50318425	17.96
chr6,122339268,122340303	chr2,156716913,156718210	5.64
chr6,122339268,122340303	chr3,94473886,94474040	9.6
chr6,122339268,122340303	chr3,106162349,106163083	102.15
chr6,122339268,122340303	chr3,123510133,123510290	13.71
chr6,122339268,122340303	chr4,86812688,86812814	5.64
chr6,122339268,122340303	chr4,145640131,145640720	17.96
chr6,122339268,122340303	chr6,3477099,3477435	5.66
chr6,122339268,122340303	chr6,17303606,17303871	13.74
chr6,122339268,122340303	chr6,24923974,24924788	277.42
chr6,122339268,122340303	chr6,40247671,40248306	5.69
chr6,122339268,122340303	chr6,41180506,41181809	5.7
chr6,122339268,122340303	chr6,59301939,59302251	9.7
chr6,122339268,122340303	chr6,65970410,65970835	36.13
chr6,122339268,122340303	chr6,93890543,93891140	6.23
chr6,122339268,122340303	chr6,94794560,94794937	135.79
chr6,122339268,122340303	chr6,100875627,100878179	23.28
chr6,122339268,122340303	chr6,101193609,101194093	6.64
chr6,122339268,122340303	chr6,106758027,106758819	11.14
chr6,122339268,122340303	chr6,107033726,107034396	7.23
chr6,122339268,122340303	chr6,108814983,108815234	114.54
chr6,122339268,122340303	chr6,112573963,112574600	270.01
chr6,122339268,122340303	chr6,114896478,114897154	162.72
chr6,122339268,122340303	chr6,116902352,116902865	5.53
chr6,122339268,122340303	chr6,117706617,117708303	5.62
chr6,122339268,122340303	chr6,119079609,119079752	9.71
chr6,122339268,122340303	chr6,119377103,119377765	7.91
chr6,122339268,122340303	chr6,120912548,120912982	5.51
chr6,122339268,122340303	chr6,122849355,122850064	6.55
chr6,122339268,122340303	chr6,122856024,122856131	7.17
chr6,122339268,122340303	chr6,124075821,124076430	25.24
chr6,122339268,122340303	chr6,125131820,125132015	5.11
chr6,122339268,122340303	chr6,125539745,125539867	10.91
chr6,122339268,122340303	chr6,126386228,126386652	23.71
chr6,122339268,122340303	chr6,128598601,128599588	231.54
chr6,122339268,122340303	chr6,130379374,130379608	12.09
chr6,122339268,122340303	chr6,137531608,137532914	15.29
chr6,122339268,122340303	chr6,137919252,137920215	7.19
chr6,122339268,122340303	chr6,139578233,139578356	6.99
chr6,122339268,122340303	chr6,140138923,140139518	211.51
chr6,122339268,122340303	chr6,142996552,142997269	10.63
chr6,122339268,122340303	chr6,147048406,147048898	6.4
chr6,122339268,122340303	chr6,148211528,148211756	6.34
chr6,122339268,122340303	chr9,120646726,120647033	118.53
chr6,122707354,122707701	chr1,80621418,80621783	45.53
chr6,122707354,122707701	chr13,12313423,12314057	5.64
chr6,122707354,122707701	chr14,81920117,81920666	22.32
chr6,122707354,122707701	chr16,80587176,80588142	13.71
chr6,122707354,122707701	chr4,75975163,75975456	5.64
chr6,122707354,122707701	chr4,153037656,153038049	96.77
chr6,122707354,122707701	chr6,8319937,8320114	13.74
chr6,122707354,122707701	chr6,54035878,54036383	5.72
chr6,122707354,122707701	chr6,64463064,64463433	210.68
chr6,122707354,122707701	chr6,72244237,72244467	22.49
chr6,122707354,122707701	chr6,74689354,74690594	5.83
chr6,122707354,122707701	chr6,76839323,76839937	5.85
chr6,122707354,122707701	chr6,78045999,78047017	9.82
chr6,122707354,122707701	chr6,84953241,84953877	18.28
chr6,122707354,122707701	chr6,91789088,91789938	6.14
chr6,122707354,122707701	chr6,96128628,96128925	27.44
chr6,122707354,122707701	chr6,98074783,98075253	18.71
chr6,122707354,122707701	chr6,103914048,103914479	10.79
chr6,122707354,122707701	chr6,107478348,107478476	11.17
chr6,122707354,122707701	chr6,108975920,108976060	125.38
chr6,122707354,122707701	chr6,115355113,115355395	16.67
chr6,122707354,122707701	chr6,116694589,116694894	5.3
chr6,122707354,122707701	chr6,116958059,116958493	8.2
chr6,122707354,122707701	chr6,117711802,117712306	17
chr6,122707354,122707701	chr6,118011070,118011641	12.95
chr6,122707354,122707701	chr6,118181957,118182151	14.3
chr6,122707354,122707701	chr6,118738469,118738998	10.15
chr6,122707354,122707701	chr6,122198042,122198163	5.21
chr6,122707354,122707701	chr6,122256274,122256895	7.79
chr6,122707354,122707701	chr6,122367874,122368210	5.03
chr6,122707354,122707701	chr6,122396396,122396841	7.28
chr6,122707354,122707701	chr6,122671188,122671629	5.9
chr6,122707354,122707701	chr6,122677616,122677807	5.55
chr6,122707354,122707701	chr6,122781745,122782031	5.47
chr6,122707354,122707701	chr6,122865407,122865689	5.88
chr6,122707354,122707701	chr6,122928576,122928976	5.63
chr6,122707354,122707701	chr6,122981699,122982009	6.67
chr6,122707354,122707701	chr6,123294897,123296798	5.19
chr6,122707354,122707701	chr6,124106386,124107343	8.8
chr6,122707354,122707701	chr6,124397419,124397733	12.81
chr6,122707354,122707701	chr6,126653048,126653291	13.04
chr6,122707354,122707701	chr6,128974438,128975268	8.35
chr6,122707354,122707701	chr6,145600430,145600656	211.23
chr6,122707354,122707701	chr6,148710598,148710948	10.29
chr6,122707354,122707701	chr7,68622593,68623759	169.45
chr8,72317488,72319340	chr10,18575802,18576223	40.73
chr8,72317488,72319340	chr11,29222669,29222999	378.39
chr8,72317488,72319340	chr11,85506556,85506666	13.71
chr8,72317488,72319340	chr11,119647960,119648382	5.64
chr8,72317488,72319340	chr12,83558739,83559832	13.71
chr8,72317488,72319340	chr13,31831961,31832716	36
chr8,72317488,72319340	chr14,96455749,96456162	5.64
chr8,72317488,72319340	chr16,20726924,20727280	5.64
chr8,72317488,72319340	chr16,95437725,95438272	9.6
chr8,72317488,72319340	chr17,28531033,28531363	5.64
chr8,72317488,72319340	chr19,20717640,20719207	17.96
chr8,72317488,72319340	chr2,10297165,10297495	40.73
chr8,72317488,72319340	chr2,11389767,11390235	9.6
chr8,72317488,72319340	chr2,92822180,92822641	17.96
chr8,72317488,72319340	chr2,136508962,136509526	5.64
chr8,72317488,72319340	chr2,144233150,144233596	45.53
chr8,72317488,72319340	chr2,167930154,167930281	17.96
chr8,72317488,72319340	chr3,140535972,140536316	40.73
chr8,72317488,72319340	chr4,8800005,8800113	26.79
chr8,72317488,72319340	chr4,95701888,95702149	283.58
chr8,72317488,72319340	chr5,34924428,34925067	5.64
chr8,72317488,72319340	chr5,79950627,79951602	86.13
chr8,72317488,72319340	chr5,135867977,135868338	31.35
chr8,72317488,72319340	chr6,115876474,115877275	308.51
chr8,72317488,72319340	chr6,119447846,119448808	5.64
chr8,72317488,72319340	chr6,129093262,129093498	17.96
chr8,72317488,72319340	chr6,145185397,145185588	13.71
chr8,72317488,72319340	chr7,23892272,23894394	36
chr8,72317488,72319340	chr7,140049628,140049820	9.6
chr8,72317488,72319340	chr8,5542622,5543709	258.99
chr8,72317488,72319340	chr8,8047040,8047285	9.69
chr8,72317488,72319340	chr8,11655174,11655807	9.71
chr8,72317488,72319340	chr8,13201947,13202198	9.71
chr8,72317488,72319340	chr8,22388537,22388811	384.9
chr8,72317488,72319340	chr8,35105897,35106489	22.66
chr8,72317488,72319340	chr8,35411048,35411878	14.05
chr8,72317488,72319340	chr8,60752769,60752979	14.76
chr8,72317488,72319340	chr8,67273309,67273488	16.91
chr8,72317488,72319340	chr8,69240187,69240737	11.33
chr8,72317488,72319340	chr8,71633041,71633183	6.17
chr8,72317488,72319340	chr8,71743147,71743427	6.22
chr8,72317488,72319340	chr8,71955179,71955503	5.09
chr8,72317488,72319340	chr8,72354487,72354613	7.16
chr8,72317488,72319340	chr8,74291387,74291734	7.44
chr8,72317488,72319340	chr8,84646315,84646462	130.05
chr8,72317488,72319340	chr8,85442718,85442972	33.08
chr8,72317488,72319340	chr8,87955558,87956709	11.06
chr8,72317488,72319340	chr8,90110732,90111449	6.92
chr8,72317488,72319340	chr8,95927947,95928588	27.58
chr8,72317488,72319340	chr8,104392274,104392697	41.17
chr8,72317488,72319340	chr8,104775970,104777952	10.04
chr8,72317488,72319340	chr8,107451917,107452040	6.02
chr8,72317488,72319340	chr8,110662029,110662688	22.62
chr8,72317488,72319340	chr8,111753308,111753715	5.93
chr8,72317488,72319340	chr8,119531095,119531774	9.79
chr8,72317488,72319340	chr8,119576672,119577268	5.84
chr8,72317488,72319340	chr8,120494940,120496299	9.78
chr8,72317488,72319340	chr8,123866169,123866950	18.11
chr8,72317488,72319340	chr8,123986367,123986644	26.94
chr8,72317488,72319340	chr8,125835364,125835625	9.74
chr8,72317488,72319340	chr9,21819269,21819539	314.79
chr8,72317488,72319340	chr9,64932810,64933607	9.6
chr8,72317488,72319340	chr9,109095580,109095725	17.96
chr8,72317488,72319340	chrX,84070249,84070539	17.96
chr8,72317488,72319340	chrX,113831838,113831974	65.4
chr8,72317488,72319340	chrX,154445953,154446064	13.71
chr9,78368132,78368522	chr1,43116340,43117545	70.5
chr9,78368132,78368522	chr1,112544116,112544527	13.71
chr9,78368132,78368522	chr1,135397651,135398002	5.64
chr9,78368132,78368522	chr10,83690381,83690882	91.43
chr9,78368132,78368522	chr11,95388545,95389236	5.64
chr9,78368132,78368522	chr13,25074032,25074430	5.64
chr9,78368132,78368522	chr13,45397770,45398943	5.64
chr9,78368132,78368522	chr14,47161900,47162085	5.64
chr9,78368132,78368522	chr14,98949745,98950385	5.64
chr9,78368132,78368522	chr15,98758123,98758849	5.64
chr9,78368132,78368522	chr2,9199244,9201501	118.53
chr9,78368132,78368522	chr2,38745883,38746465	65.4
chr9,78368132,78368522	chr3,30462769,30463370	9.6
chr9,78368132,78368522	chr3,89034982,89035852	5.64
chr9,78368132,78368522	chr4,105675083,105675798	9.6
chr9,78368132,78368522	chr5,28032865,28033481	31.35
chr9,78368132,78368522	chr5,121932864,121932986	17.96
chr9,78368132,78368522	chr7,18894459,18894873	45.53
chr9,78368132,78368522	chr7,101135564,101136247	5.64
chr9,78368132,78368522	chr9,21862296,21863526	9.73
chr9,78368132,78368522	chr9,23792415,23792698	13.85
chr9,78368132,78368522	chr9,40328461,40329188	9.92
chr9,78368132,78368522	chr9,57562864,57563823	18.97
chr9,78368132,78368522	chr9,64982086,64982470	7.51
chr9,78368132,78368522	chr9,65327840,65328925	120.21
chr9,78368132,78368522	chr9,71735572,71735909	12.44
chr9,78368132,78368522	chr9,73461467,73461995	11.52
chr9,78368132,78368522	chr9,75581678,75582517	20.4
chr9,78368132,78368522	chr9,77898776,77899360	11.84
chr9,78368132,78368522	chr9,78037119,78037328	5.26
chr9,78368132,78368522	chr9,78094717,78095192	6.56
chr9,78368132,78368522	chr9,78356493,78356742	5.12
chr9,78368132,78368522	chr9,78434492,78434837	5.82
chr9,78368132,78368522	chr9,78509101,78509940	6.65
chr9,78368132,78368522	chr9,78514750,78515314	6.04
chr9,78368132,78368522	chr9,79125715,79126719	7.02
chr9,78368132,78368522	chr9,83172178,83172792	17.83
chr9,78368132,78368522	chr9,101976920,101977973	14.54
chr9,78368132,78368522	chr9,106029800,106030159	14.33
chr9,78368132,78368522	chr9,114384730,114385015	14.07
