chr1,118628128,118629090	chr1,57352711,57353437	6.54
chr1,118628128,118629090	chr1,59096217,59096754	6.54
chr1,118628128,118629090	chr1,84292442,84292858	163.86
chr1,118628128,118629090	chr1,84839558,84839952	106.52
chr1,118628128,118629090	chr1,91561762,91562238	7.07
chr1,118628128,118629090	chr1,93395655,93396036	19.94
chr1,118628128,118629090	chr1,96518677,96519185	29.28
chr1,118628128,118629090	chr1,111133687,111134639	5.59
chr1,118628128,118629090	chr1,112896798,112896967	29.52
chr1,118628128,118629090	chr1,113938307,113941051	6.13
chr1,118628128,118629090	chr1,114415150,114417178	6.12
chr1,118628128,118629090	chr1,118227419,118227616	5.79
chr1,118628128,118629090	chr1,118514435,118515582	7.18
chr1,118628128,118629090	chr1,118652354,118653600	5.56
chr1,118628128,118629090	chr1,118794521,118795733	5.24
chr1,118628128,118629090	chr1,118922151,118922430	5.71
chr1,118628128,118629090	chr1,119077700,119078446	8.63
chr1,118628128,118629090	chr1,119226385,119226719	5.01
chr1,118628128,118629090	chr1,119891067,119891375	7.49
chr1,118628128,118629090	chr1,119920871,119922603	8.78
chr1,118628128,118629090	chr1,120511520,120512535	17.69
chr1,118628128,118629090	chr1,122210974,122211553	6
chr1,118628128,118629090	chr1,124344304,124345028	24.84
chr1,118628128,118629090	chr1,124712689,124712994	5.93
chr1,118628128,118629090	chr1,132242726,132243270	8.24
chr1,118628128,118629090	chr1,136650532,136650931	16.06
chr1,118628128,118629090	chr1,154312959,154314147	15.18
chr1,118628128,118629090	chr1,157400874,157401042	19.53
chr1,118628128,118629090	chr1,158867683,158868639	6.71
chr1,118628128,118629090	chr1,159425637,159426982	6.7
chr1,118628128,118629090	chr1,161285515,161285709	10.79
chr1,118628128,118629090	chr1,163333411,163333533	38.13
chr1,118628128,118629090	chr1,169583037,169583492	10.71
chr1,118628128,118629090	chr10,117409973,117411914	42.8
chr1,118628128,118629090	chr11,56595656,56597336	19.23
chr1,118628128,118629090	chr11,58605415,58605953	6.43
chr1,118628128,118629090	chr12,105447549,105448011	28.38
chr1,118628128,118629090	chr13,95915297,95915464	14.82
chr1,118628128,118629090	chr13,96768244,96769309	95.11
chr1,118628128,118629090	chr3,65270939,65271299	6.43
chr1,118628128,118629090	chr4,106114369,106114837	10.55
chr1,118628128,118629090	chr6,86695206,86695339	57.9
chr1,118628128,118629090	chr8,15424101,15424205	6.43
chr1,118628128,118629090	chr8,93748975,93749171	37.91
chr1,118628128,118629090	chr8,124508341,124509234	42.8
chr1,118628128,118629090	chrX,102560593,102560825	19.23
chr11,100938874,100939386	chr1,123281342,123281887	10.55
chr11,100938874,100939386	chr10,68444370,68445217	19.23
chr11,100938874,100939386	chr10,76297293,76297451	6.43
chr11,100938874,100939386	chr10,76394832,76395010	23.75
chr11,100938874,100939386	chr11,60412881,60413033	43.02
chr11,100938874,100939386	chr11,76182217,76184464	15.29
chr11,100938874,100939386	chr11,78914275,78914456	7.27
chr11,100938874,100939386	chr11,84074704,84074932	78.95
chr11,100938874,100939386	chr11,87082646,87083002	23.19
chr11,100938874,100939386	chr11,98110559,98110769	18.51
chr11,100938874,100939386	chr11,100148385,100149126	5.83
chr11,100938874,100939386	chr11,100475763,100475891	5.07
chr11,100938874,100939386	chr11,100490770,100490966	6.71
chr11,100938874,100939386	chr11,100759466,100760039	5.33
chr11,100938874,100939386	chr11,100807802,100808259	5.36
chr11,100938874,100939386	chr11,100858731,100858998	5.8
chr11,100938874,100939386	chr11,100868104,100868586	6.74
chr11,100938874,100939386	chr11,100885277,100885873	6.49
chr11,100938874,100939386	chr11,101047789,101048326	5.54
chr11,100938874,100939386	chr11,101080024,101080247	5.23
chr11,100938874,100939386	chr11,101122875,101123015	7.17
chr11,100938874,100939386	chr11,101775799,101776141	6.2
chr11,100938874,100939386	chr11,101931288,101931629	8.59
chr11,100938874,100939386	chr11,115641951,115642302	7.59
chr11,100938874,100939386	chr11,116337666,116338192	10.97
chr11,100938874,100939386	chr11,121595701,121595859	15.1
chr11,100938874,100939386	chr12,87395719,87396329	6.43
chr11,100938874,100939386	chr13,98144148,98146366	6.43
chr11,100938874,100939386	chr14,100035541,100035893	89.65
chr11,100938874,100939386	chr15,75950973,75951277	57.9
chr11,100938874,100939386	chr15,79694262,79694649	6.43
chr11,100938874,100939386	chr15,82791711,82792576	95.11
chr11,100938874,100939386	chr15,89167210,89168240	42.8
chr11,100938874,100939386	chr15,98153770,98154610	52.8
chr11,100938874,100939386	chr15,98664082,98664623	10.55
chr11,100938874,100939386	chr16,14370196,14371900	19.23
chr11,100938874,100939386	chr16,19741576,19741855	23.75
chr11,100938874,100939386	chr16,50891067,50891500	14.82
chr11,100938874,100939386	chr17,27228930,27229032	6.43
chr11,100938874,100939386	chr17,46112533,46112747	14.82
chr11,100938874,100939386	chr17,85288368,85289057	28.38
chr11,100938874,100939386	chr18,24504689,24505291	193.34
chr11,100938874,100939386	chr19,56452991,56454540	19.23
chr11,100938874,100939386	chr2,57873808,57874137	169.44
chr11,100938874,100939386	chr2,119677482,119677981	23.75
chr11,100938874,100939386	chr2,170976568,170977246	14.82
chr11,100938874,100939386	chr3,17736634,17737187	42.8
chr11,100938874,100939386	chr3,102567954,102568594	157.65
chr11,100938874,100939386	chr3,118583921,118584622	6.43
chr11,100938874,100939386	chr4,34869153,34869849	42.8
chr11,100938874,100939386	chr4,56089724,56090042	14.82
chr11,100938874,100939386	chr4,123812349,123812501	6.43
chr11,100938874,100939386	chr4,133167181,133167807	28.38
chr11,100938874,100939386	chr5,29446509,29447129	33.1
chr11,100938874,100939386	chr5,64972783,64973111	6.43
chr11,100938874,100939386	chr5,103310993,103313632	6.43
chr11,100938874,100939386	chr6,58498316,58498547	23.75
chr11,100938874,100939386	chr7,16534154,16534849	19.23
chr11,100938874,100939386	chr7,105463207,105463313	211.53
chr11,100938874,100939386	chr8,34043795,34044171	95.11
chr11,100938874,100939386	chr8,119839262,119839897	19.23
chr12,86419274,86422913	chr1,24220711,24221581	217.64
chr12,86419274,86422913	chr1,89294265,89294662	47.77
chr12,86419274,86422913	chr1,133412673,133413080	19.23
chr12,86419274,86422913	chr1,186768508,186768735	19.23
chr12,86419274,86422913	chr10,66902922,66904431	19.23
chr12,86419274,86422913	chr11,6395073,6395423	10.55
chr12,86419274,86422913	chr11,52601584,52603523	42.8
chr12,86419274,86422913	chr11,59136621,59137196	33.1
chr12,86419274,86422913	chr11,70644764,70645086	19.23
chr12,86419274,86422913	chr11,108752598,108753679	10.55
chr12,86419274,86422913	chr12,4158994,4159297	14.87
chr12,86419274,86422913	chr12,5790365,5791596	100.62
chr12,86419274,86422913	chr12,5835981,5836299	6.48
chr12,86419274,86422913	chr12,10213963,10214262	14.88
chr12,86419274,86422913	chr12,14918600,14919018	28.44
chr12,86419274,86422913	chr12,18284344,18285710	10.62
chr12,86419274,86422913	chr12,26237349,26237498	6.53
chr12,86419274,86422913	chr12,44552025,44552488	23.85
chr12,86419274,86422913	chr12,45356458,45358425	25.85
chr12,86419274,86422913	chr12,46820778,46821291	68.41
chr12,86419274,86422913	chr12,50386409,50386566	6.76
chr12,86419274,86422913	chr12,52876086,52876527	33.42
chr12,86419274,86422913	chr12,54315851,54316346	15.13
chr12,86419274,86422913	chr12,56536473,56536710	10.98
chr12,86419274,86422913	chr12,57355693,57355822	15.12
chr12,86419274,86422913	chr12,62217420,62218550	185.62
chr12,86419274,86422913	chr12,64102513,64103860	89.5
chr12,86419274,86422913	chr12,64713370,64713696	20.86
chr12,86419274,86422913	chr12,67731579,67732664	22.19
chr12,86419274,86422913	chr12,69419941,69420454	170.64
chr12,86419274,86422913	chr12,70547293,70548009	163.95
chr12,86419274,86422913	chr12,70655928,70656790	12.99
chr12,86419274,86422913	chr12,70685898,70686301	83.17
chr12,86419274,86422913	chr12,73549151,73549707	11.74
chr12,86419274,86422913	chr12,75766162,75766305	198.32
chr12,86419274,86422913	chr12,79785030,79785535	10.53
chr12,86419274,86422913	chr12,80526622,80526923	28.93
chr12,86419274,86422913	chr12,80615255,80615454	9.58
chr12,86419274,86422913	chr12,81313395,81313952	6.63
chr12,86419274,86422913	chr12,81544761,81545274	9.44
chr12,86419274,86422913	chr12,82666273,82666575	6.25
chr12,86419274,86422913	chr12,83135866,83136081	5.05
chr12,86419274,86422913	chr12,83242520,83243222	10.05
chr12,86419274,86422913	chr12,84940221,84941025	5.02
chr12,86419274,86422913	chr12,85790029,85790360	5.48
chr12,86419274,86422913	chr12,85840591,85841402	8.16
chr12,86419274,86422913	chr12,85911370,85913238	7.37
chr12,86419274,86422913	chr12,85919529,85920489	7.61
chr12,86419274,86422913	chr12,86044742,86045494	5.36
chr12,86419274,86422913	chr12,86070287,86070653	5.16
chr12,86419274,86422913	chr12,86128791,86129046	6.4
chr12,86419274,86422913	chr12,86146956,86147843	5.13
chr12,86419274,86422913	chr12,86252899,86253274	5.36
chr12,86419274,86422913	chr12,86458743,86459037	5.29
chr12,86419274,86422913	chr12,86554604,86554812	6.66
chr12,86419274,86422913	chr12,86627999,86628350	6.49
chr12,86419274,86422913	chr12,87018481,87018993	8.75
chr12,86419274,86422913	chr12,88875723,88876132	12.68
chr12,86419274,86422913	chr12,89041754,89041874	15.31
chr12,86419274,86422913	chr12,91018527,91018707	11.8
chr12,86419274,86422913	chr12,91138851,91140175	6.3
chr12,86419274,86422913	chr12,91430075,91430648	10.64
chr12,86419274,86422913	chr12,94100590,94101645	5.55
chr12,86419274,86422913	chr12,94861821,94861980	5.84
chr12,86419274,86422913	chr12,96441052,96441371	111.54
chr12,86419274,86422913	chr12,98243152,98244035	21.34
chr12,86419274,86422913	chr12,98694619,98695602	11.44
chr12,86419274,86422913	chr12,99011243,99011377	27.6
chr12,86419274,86422913	chr12,100200485,100201914	294.36
chr12,86419274,86422913	chr12,102986000,102986577	15.87
chr12,86419274,86422913	chr12,103132481,103132922	7.3
chr12,86419274,86422913	chr12,104146163,104146532	13.67
chr12,86419274,86422913	chr12,104277493,104278776	24.34
chr12,86419274,86422913	chr12,104779674,104780198	16.65
chr12,86419274,86422913	chr12,105983558,105983682	14.18
chr12,86419274,86422913	chr12,106671756,106672098	10.96
chr12,86419274,86422913	chr12,108373145,108374608	268.58
chr12,86419274,86422913	chr12,108468135,108468337	20.99
chr12,86419274,86422913	chr12,110170573,110170853	122.43
chr12,86419274,86422913	chr12,112487522,112488070	11.04
chr12,86419274,86422913	chr12,113179235,113179494	11.03
chr12,86419274,86422913	chr12,117500397,117500982	10.95
chr12,86419274,86422913	chr12,117985729,117986170	198.58
chr12,86419274,86422913	chr12,118598908,118599110	23.5
chr12,86419274,86422913	chr13,31273193,31273402	33.1
chr12,86419274,86422913	chr13,51435028,51435290	14.82
chr12,86419274,86422913	chr13,113194761,113194885	6.43
chr12,86419274,86422913	chr14,47742770,47743014	181.34
chr12,86419274,86422913	chr14,56201973,56202898	28.38
chr12,86419274,86422913	chr15,21708181,21708563	140.19
chr12,86419274,86422913	chr16,71363218,71363716	6.43
chr12,86419274,86422913	chr16,93862983,93864064	6.43
chr12,86419274,86422913	chr17,83774166,83774918	23.75
chr12,86419274,86422913	chr18,26346885,26347132	19.23
chr12,86419274,86422913	chr19,6144949,6146041	14.82
chr12,86419274,86422913	chr19,22950017,22950159	175.38
chr12,86419274,86422913	chr19,25910334,25910680	298.93
chr12,86419274,86422913	chr19,34820307,34821727	33.1
chr12,86419274,86422913	chr2,49579214,49579342	151.8
chr12,86419274,86422913	chr2,78810421,78810582	6.43
chr12,86419274,86422913	chr2,115629222,115629647	33.1
chr12,86419274,86422913	chr3,129662756,129662870	28.38
chr12,86419274,86422913	chr4,33629865,33630047	6.43
chr12,86419274,86422913	chr4,34024690,34024866	28.38
chr12,86419274,86422913	chr4,75041254,75041687	14.82
chr12,86419274,86422913	chr5,20964091,20965019	10.55
chr12,86419274,86422913	chr5,133777806,133778773	23.75
chr12,86419274,86422913	chr6,28961991,28962544	23.75
chr12,86419274,86422913	chr6,57600146,57600407	19.23
chr12,86419274,86422913	chr7,75701780,75702280	117.36
chr12,86419274,86422913	chr7,117709627,117711559	33.1
chr12,86419274,86422913	chr7,140853863,140854105	33.1
chr12,86419274,86422913	chr9,104443116,104443793	19.23
chr12,86419274,86422913	chr9,123314351,123314880	10.55
chr12,86419274,86422913	chrX,128104342,128104674	28.38
chr15,7128930,7130283	chr10,45386054,45386987	37.91
chr15,7128930,7130283	chr10,90689001,90689322	6.43
chr15,7128930,7130283	chr11,89863843,89864712	52.8
chr15,7128930,7130283	chr12,17884305,17884921	68.27
chr15,7128930,7130283	chr12,113517789,113518434	23.75
chr15,7128930,7130283	chr13,11472190,11473441	14.82
chr15,7128930,7130283	chr15,3635057,3635515	20.77
chr15,7128930,7130283	chr15,3778087,3778683	7.15
chr15,7128930,7130283	chr15,4744618,4744884	5.26
chr15,7128930,7130283	chr15,5436925,5437528	5.07
chr15,7128930,7130283	chr15,6687398,6687925	5.88
chr15,7128930,7130283	chr15,6902214,6902655	5.75
chr15,7128930,7130283	chr15,6966442,6966843	6.24
chr15,7128930,7130283	chr15,6996821,6997297	5.87
chr15,7128930,7130283	chr15,7258370,7258882	5.21
chr15,7128930,7130283	chr15,7259603,7259781	5.03
chr15,7128930,7130283	chr15,7407835,7408615	5.94
chr15,7128930,7130283	chr15,7435352,7436800	6.19
chr15,7128930,7130283	chr15,8620589,8621694	6.28
chr15,7128930,7130283	chr15,10130905,10131445	25.02
chr15,7128930,7130283	chr15,17132775,17133438	57.4
chr15,7128930,7130283	chr15,23167799,23167995	14.59
chr15,7128930,7130283	chr15,23192993,23193791	7.66
chr15,7128930,7130283	chr15,24089746,24089916	17.92
chr15,7128930,7130283	chr15,33770344,33770583	43.33
chr15,7128930,7130283	chr15,33861605,33862497	23.76
chr15,7128930,7130283	chr15,34727788,34728091	111.91
chr15,7128930,7130283	chr15,40117291,40117963	6.85
chr15,7128930,7130283	chr15,41399088,41399445	15.18
chr15,7128930,7130283	chr15,43510492,43511490	25.93
chr15,7128930,7130283	chr15,57512293,57513057	10.71
chr15,7128930,7130283	chr15,68450121,68450319	57.98
chr15,7128930,7130283	chr15,70464972,70465583	6.52
chr15,7128930,7130283	chr15,72291196,72291664	123.05
chr15,7128930,7130283	chr15,73625505,73626150	42.87
chr15,7128930,7130283	chr15,74512982,74513622	14.9
chr15,7128930,7130283	chr15,103460775,103461026	19.26
chr15,7128930,7130283	chr16,4661898,4662835	42.8
chr15,7128930,7130283	chr16,34335500,34336034	14.82
chr15,7128930,7130283	chr17,73202824,73203460	134.43
chr15,7128930,7130283	chr18,9641844,9641946	23.75
chr15,7128930,7130283	chr18,81782499,81783469	78.86
chr15,7128930,7130283	chr19,29510460,29510575	95.11
chr15,7128930,7130283	chr19,44377177,44377372	106.15
chr15,7128930,7130283	chr2,37107323,37107556	14.82
chr15,7128930,7130283	chr4,3249664,3249849	37.91
chr15,7128930,7130283	chr4,19866830,19868042	10.55
chr15,7128930,7130283	chr4,45517193,45517388	10.55
chr15,7128930,7130283	chr7,29426579,29427140	23.75
chr15,7128930,7130283	chr7,51729449,51730850	19.23
chr15,7128930,7130283	chr8,8209954,8210613	14.82
chr15,7128930,7130283	chr8,109488089,109489250	6.43
chr15,7128930,7130283	chr8,114652309,114653151	10.55
chr15,7128930,7130283	chr9,29090770,29091136	10.55
chr15,7128930,7130283	chr9,96946090,96946352	78.86
chr16,10479663,10480580	chr1,175177318,175177846	63.06
chr16,10479663,10480580	chr10,89832084,89832407	73.54
chr16,10479663,10480580	chr10,106680155,106680540	223.77
chr16,10479663,10480580	chr10,125892636,125893380	6.43
chr16,10479663,10480580	chr11,76699813,76700132	10.55
chr16,10479663,10480580	chr12,108407693,108407859	47.77
chr16,10479663,10480580	chr13,6869781,6870834	14.82
chr16,10479663,10480580	chr13,48787908,48788150	6.43
chr16,10479663,10480580	chr13,74911932,74912675	6.43
chr16,10479663,10480580	chr13,96984097,96984953	10.55
chr16,10479663,10480580	chr14,18290448,18290723	14.82
chr16,10479663,10480580	chr14,111119524,111119802	33.1
chr16,10479663,10480580	chr15,41548458,41549380	10.55
chr16,10479663,10480580	chr15,79739305,79740330	33.1
chr16,10479663,10480580	chr16,4118969,4119264	21.37
chr16,10479663,10480580	chr16,5201605,5202252	20.4
chr16,10479663,10480580	chr16,7728015,7728873	5.94
chr16,10479663,10480580	chr16,8422293,8422667	19.48
chr16,10479663,10480580	chr16,8617325,8617700	18.81
chr16,10479663,10480580	chr16,9780151,9781499	5.24
chr16,10479663,10480580	chr16,10263932,10264456	5.19
chr16,10479663,10480580	chr16,10283259,10284136	5.3
chr16,10479663,10480580	chr16,10381363,10382419	5.12
chr16,10479663,10480580	chr16,10508953,10509248	5.79
chr16,10479663,10480580	chr16,10774933,10775521	5.09
chr16,10479663,10480580	chr16,10822384,10822499	5.63
chr16,10479663,10480580	chr16,10824824,10825666	8.3
chr16,10479663,10480580	chr16,11096046,11096796	6.12
chr16,10479663,10480580	chr16,11508212,11508580	6.21
chr16,10479663,10480580	chr16,12038677,12038796	7.66
chr16,10479663,10480580	chr16,12564137,12564358	7.26
chr16,10479663,10480580	chr16,13510651,13510805	6.22
chr16,10479663,10480580	chr16,16875863,16876173	16.25
chr16,10479663,10480580	chr16,17015357,17016564	19.99
chr16,10479663,10480580	chr16,17246938,17247684	11.29
chr16,10479663,10480580	chr16,23488762,23489441	17.94
chr16,10479663,10480580	chr16,29582353,29584695	15.72
chr16,10479663,10480580	chr16,33671217,33671702	53.5
chr16,10479663,10480580	chr16,34122002,34123311	7.23
chr16,10479663,10480580	chr16,37033856,37034534	356.07
chr16,10479663,10480580	chr16,38125014,38125270	24.12
chr16,10479663,10480580	chr16,38959916,38960619	15.36
chr16,10479663,10480580	chr16,40331081,40332351	53.25
chr16,10479663,10480580	chr16,58730859,58731636	23.92
chr16,10479663,10480580	chr16,63437309,63437838	23.78
chr16,10479663,10480580	chr16,63504607,63507154	42.94
chr16,10479663,10480580	chr16,76344287,76344561	236.11
chr16,10479663,10480580	chr17,24953491,24953772	33.1
chr16,10479663,10480580	chr17,84360333,84361783	134.43
chr16,10479663,10480580	chr18,21107005,21107995	254.74
chr16,10479663,10480580	chr18,38202688,38203265	14.82
chr16,10479663,10480580	chr18,38661826,38662617	14.82
chr16,10479663,10480580	chr19,44988042,44988664	169.44
chr16,10479663,10480580	chr2,3247503,3247996	33.1
chr16,10479663,10480580	chr2,90744806,90745487	33.1
chr16,10479663,10480580	chr2,104869712,104870053	10.55
chr16,10479663,10480580	chr2,180611049,180611409	37.91
chr16,10479663,10480580	chr4,122938668,122938888	33.1
chr16,10479663,10480580	chr5,43813987,43814743	42.8
chr16,10479663,10480580	chr5,53353025,53353238	6.43
chr16,10479663,10480580	chr5,105529115,105529654	33.1
chr16,10479663,10480580	chr6,17589238,17590886	47.77
chr16,10479663,10480580	chr6,56601184,56601376	19.23
chr16,10479663,10480580	chr9,10074161,10074910	10.55
chr16,10479663,10480580	chrX,112689084,112690469	28.38
chr16,10486858,10489086	chr1,6881326,6881769	19.23
chr16,10486858,10489086	chr1,9515621,9515809	19.23
chr16,10486858,10489086	chr1,60659736,60659856	23.75
chr16,10486858,10489086	chr1,74081876,74082384	14.82
chr16,10486858,10489086	chr1,126556590,126556705	28.38
chr16,10486858,10489086	chr1,135690745,135691174	19.23
chr16,10486858,10489086	chr1,157069712,157069902	33.1
chr16,10486858,10489086	chr10,44902089,44903382	10.55
chr16,10486858,10489086	chr11,51179543,51179870	111.74
chr16,10486858,10489086	chr11,79688329,79688896	6.43
chr16,10486858,10489086	chr12,107824223,107824608	14.82
chr16,10486858,10489086	chr13,45371820,45372127	181.34
chr16,10486858,10489086	chr13,79075322,79075679	23.75
chr16,10486858,10489086	chr13,92115432,92115809	42.8
chr16,10486858,10489086	chr14,32189503,32189861	42.8
chr16,10486858,10489086	chr14,70087799,70088374	47.77
chr16,10486858,10489086	chr14,117927127,117927972	193.34
chr16,10486858,10489086	chr15,15308337,15309103	6.43
chr16,10486858,10489086	chr15,27996016,27996241	305.32
chr16,10486858,10489086	chr15,101517114,101517951	106.15
chr16,10486858,10489086	chr16,4108305,4108793	8.76
chr16,10486858,10489086	chr16,5117032,5117243	134.72
chr16,10486858,10489086	chr16,6206959,6207291	5.76
chr16,10486858,10489086	chr16,8468858,8469293	6.68
chr16,10486858,10489086	chr16,9243263,9244480	5.59
chr16,10486858,10489086	chr16,10106491,10108336	5.12
chr16,10486858,10489086	chr16,10201940,10202440	8.26
chr16,10486858,10489086	chr16,10277251,10277432	7.91
chr16,10486858,10489086	chr16,10290924,10291212	5.65
chr16,10486858,10489086	chr16,10827670,10827816	5.02
chr16,10486858,10489086	chr16,13634576,13634769	7.93
chr16,10486858,10489086	chr16,15428232,15428589	5.3
chr16,10486858,10489086	chr16,16946307,16946981	187.25
chr16,10486858,10489086	chr16,17248803,17248955	5.05
chr16,10486858,10489086	chr16,18373193,18373343	11.61
chr16,10486858,10489086	chr16,18889306,18889870	8.97
chr16,10486858,10489086	chr16,19377543,19377724	133.97
chr16,10486858,10489086	chr16,20685198,20686020	10.1
chr16,10486858,10489086	chr16,24170277,24170514	258.85
chr16,10486858,10489086	chr16,29118667,29119348	63.11
chr16,10486858,10489086	chr16,32279900,32280179	14.51
chr16,10486858,10489086	chr16,33301085,33302863	11.01
chr16,10486858,10489086	chr16,35242902,35243413	197.38
chr16,10486858,10489086	chr16,45733051,45733246	25.96
chr16,10486858,10489086	chr16,47772614,47773195	272.53
chr16,10486858,10489086	chr16,49763404,49764204	217.1
chr16,10486858,10489086	chr16,52044247,52044679	28.59
chr16,10486858,10489086	chr16,52386999,52387747	33.3
chr16,10486858,10489086	chr16,57738485,57739086	33.25
chr16,10486858,10489086	chr16,78034754,78034861	33.17
chr16,10486858,10489086	chr16,94167297,94168029	42.84
chr16,10486858,10489086	chr16,97823348,97826260	343.85
chr16,10486858,10489086	chr16,97923769,97924196	84.24
chr16,10486858,10489086	chr17,7592138,7592754	169.44
chr16,10486858,10489086	chr17,76037103,76037274	199.38
chr16,10486858,10489086	chr17,89350237,89350798	19.23
chr16,10486858,10489086	chr18,7657574,7658609	19.23
chr16,10486858,10489086	chr18,10310343,10310693	78.86
chr16,10486858,10489086	chr18,36033438,36034137	286.22
chr16,10486858,10489086	chr18,53380341,53380512	23.75
chr16,10486858,10489086	chr18,71249000,71250048	6.43
chr16,10486858,10489086	chr19,41932516,41932914	14.82
chr16,10486858,10489086	chr3,84634029,84635625	10.55
chr16,10486858,10489086	chr3,133899485,133899694	100.61
chr16,10486858,10489086	chr4,14928659,14928864	14.82
chr16,10486858,10489086	chr4,136326243,136326872	37.91
chr16,10486858,10489086	chr4,150304871,150305036	37.91
chr16,10486858,10489086	chr5,29017233,29017935	14.82
chr16,10486858,10489086	chr5,118802381,118802882	19.23
chr16,10486858,10489086	chr5,122135818,122136533	33.1
chr16,10486858,10489086	chr5,146829470,146829876	10.55
chr16,10486858,10489086	chr6,17519263,17519608	84.23
chr16,10486858,10489086	chr6,108191115,108191407	10.55
chr16,10486858,10489086	chr6,111718374,111718752	14.82
chr16,10486858,10489086	chr6,112384742,112384911	111.74
chr16,10486858,10489086	chr6,120158334,120158442	57.9
chr16,10486858,10489086	chr6,124993904,124994627	169.44
chr16,10486858,10489086	chr7,5935773,5936195	14.82
chr16,10486858,10489086	chr7,49445630,49446342	14.82
chr16,10486858,10489086	chr7,65765736,65765995	14.82
chr16,10486858,10489086	chr8,35953119,35953275	14.82
chr16,10486858,10489086	chr8,84076006,84076253	6.43
chr16,10486858,10489086	chr9,15097085,15097310	19.23
chr16,10486858,10489086	chr9,22392388,22393243	6.43
chr16,10486858,10489086	chr9,44492939,44493309	52.8
chr16,10486858,10489086	chr9,46349410,46351172	254.74
chr16,10486858,10489086	chrX,157645484,157646037	19.23
chr16,10489551,10489878	chr1,5023532,5024130	6.43
chr16,10489551,10489878	chr1,13134287,13135176	23.75
chr16,10489551,10489878	chr1,36474736,36475069	33.1
chr16,10489551,10489878	chr1,159594318,159594585	89.65
chr16,10489551,10489878	chr10,8778440,8779206	28.38
chr16,10489551,10489878	chr10,38721627,38721834	14.82
chr16,10489551,10489878	chr10,72456022,72456327	292.57
chr16,10489551,10489878	chr11,55397678,55398563	6.43
chr16,10489551,10489878	chr11,58879628,58880111	140.19
chr16,10489551,10489878	chr11,72525165,72526321	14.82
chr16,10489551,10489878	chr12,3705302,3706143	28.38
chr16,10489551,10489878	chr12,24561469,24561797	254.74
chr16,10489551,10489878	chr12,118130781,118131188	33.1
chr16,10489551,10489878	chr13,91093811,91093983	42.8
chr16,10489551,10489878	chr13,96433883,96434009	6.43
chr16,10489551,10489878	chr14,60197488,60197853	19.23
chr16,10489551,10489878	chr15,6484822,6485152	42.8
chr16,10489551,10489878	chr15,9529364,9529601	298.93
chr16,10489551,10489878	chr15,40722827,40723321	6.43
chr16,10489551,10489878	chr15,57888684,57890053	42.8
chr16,10489551,10489878	chr16,3963007,3964322	104.62
chr16,10489551,10489878	chr16,4139930,4140114	186.07
chr16,10489551,10489878	chr16,4821327,4821537	116.54
chr16,10489551,10489878	chr16,8522630,8523022	6.33
chr16,10489551,10489878	chr16,8534857,8535710	7.56
chr16,10489551,10489878	chr16,9684125,9684542	12.51
chr16,10489551,10489878	chr16,10124611,10124812	7.84
chr16,10489551,10489878	chr16,10271453,10271595	5.56
chr16,10489551,10489878	chr16,10591810,10592403	6.55
chr16,10489551,10489878	chr16,10614092,10615828	5.8
chr16,10489551,10489878	chr16,10792957,10793332	5.49
chr16,10489551,10489878	chr16,10828677,10830145	5.29
chr16,10489551,10489878	chr16,10944565,10944698	5.44
chr16,10489551,10489878	chr16,11076432,11076999	7.31
chr16,10489551,10489878	chr16,11248096,11248197	11.3
chr16,10489551,10489878	chr16,11361780,11362031	12.05
chr16,10489551,10489878	chr16,11647385,11648564	5.2
chr16,10489551,10489878	chr16,12037243,12037901	5.97
chr16,10489551,10489878	chr16,12484954,12485245	14.83
chr16,10489551,10489878	chr16,14200142,14201335	7.05
chr16,10489551,10489878	chr16,14319895,14321494	8.98
chr16,10489551,10489878	chr16,18196470,18196858	27.23
chr16,10489551,10489878	chr16,18673087,18674047	13.49
chr16,10489551,10489878	chr16,21928565,21929067	24.93
chr16,10489551,10489878	chr16,22398371,22398767	57.68
chr16,10489551,10489878	chr16,26794840,26795175	19.63
chr16,10489551,10489878	chr16,29353159,29353717	173.34
chr16,10489551,10489878	chr16,29778748,29779851	26.74
chr16,10489551,10489878	chr16,29943598,29944052	7.4
chr16,10489551,10489878	chr16,37408347,37409289	43.29
chr16,10489551,10489878	chr16,37677047,37677335	11.1
chr16,10489551,10489878	chr16,38644563,38645164	43.25
chr16,10489551,10489878	chr16,41445260,41445514	10.99
chr16,10489551,10489878	chr16,43315215,43316347	15.18
chr16,10489551,10489878	chr16,43654757,43655383	291.61
chr16,10489551,10489878	chr16,44523345,44523875	33.44
chr16,10489551,10489878	chr16,52119251,52119420	199.23
chr16,10489551,10489878	chr16,57304833,57305228	242.1
chr16,10489551,10489878	chr16,60616685,60617350	23.76
chr16,10489551,10489878	chr16,90370744,90371705	52.84
chr16,10489551,10489878	chr17,47767536,47768834	6.43
chr16,10489551,10489878	chr18,7920582,7920701	151.8
chr16,10489551,10489878	chr18,36265162,36265566	52.8
chr16,10489551,10489878	chr18,39088873,39089802	23.75
chr16,10489551,10489878	chr19,36445568,36449780	19.23
chr16,10489551,10489878	chr2,156286940,156287423	6.43
chr16,10489551,10489878	chr4,45833966,45834966	100.61
chr16,10489551,10489878	chr4,50138503,50138909	23.75
chr16,10489551,10489878	chr4,110926455,110926572	6.43
chr16,10489551,10489878	chr4,110982051,110982231	23.75
chr16,10489551,10489878	chr4,150207750,150208994	106.15
chr16,10489551,10489878	chr5,28662276,28662564	19.23
chr16,10489551,10489878	chr5,81724097,81724444	14.82
chr16,10489551,10489878	chr5,91203825,91204717	14.82
chr16,10489551,10489878	chr6,6474226,6475044	42.8
chr16,10489551,10489878	chr6,25766565,25767470	33.1
chr16,10489551,10489878	chr6,34320141,34320371	37.91
chr16,10489551,10489878	chr6,36884999,36885108	229.92
chr16,10489551,10489878	chr6,48751875,48752055	10.55
chr16,10489551,10489878	chr7,28050681,28051232	19.23
chr16,10489551,10489878	chr7,82311962,82312369	10.55
chr16,10489551,10489878	chr7,138407688,138407963	10.55
chr16,10489551,10489878	chr8,86600627,86601052	57.9
chr16,10489551,10489878	chr9,30401920,30402440	37.91
chr16,10489551,10489878	chr9,33470320,33470566	14.82
chr16,10489551,10489878	chr9,35533810,35534256	6.43
chr16,10489551,10489878	chr9,47283108,47283782	23.75
chr16,10489551,10489878	chr9,79238635,79238843	19.23
chr16,10489551,10489878	chrX,17376805,17377295	10.55
chr16,10489551,10489878	chrX,50765194,50765750	14.82
chr2,168766420,168767218	chr1,89799350,89799586	14.82
chr2,168766420,168767218	chr1,149976308,149977056	28.38
chr2,168766420,168767218	chr1,173861276,173861674	37.91
chr2,168766420,168767218	chr10,117135462,117137576	10.55
chr2,168766420,168767218	chr11,108665777,108666100	33.1
chr2,168766420,168767218	chr13,43920875,43921055	19.23
chr2,168766420,168767218	chr13,49567265,49568041	63.06
chr2,168766420,168767218	chr13,50527685,50528051	42.8
chr2,168766420,168767218	chr13,71256845,71259572	33.1
chr2,168766420,168767218	chr13,104296319,104297292	73.54
chr2,168766420,168767218	chr15,10567313,10567721	14.82
chr2,168766420,168767218	chr15,67942875,67944895	10.55
chr2,168766420,168767218	chr17,43684823,43685256	84.23
chr2,168766420,168767218	chr18,56482500,56482619	14.82
chr2,168766420,168767218	chr18,71668253,71669578	6.43
chr2,168766420,168767218	chr18,88958623,88959672	47.77
chr2,168766420,168767218	chr19,58763094,58763432	100.61
chr2,168766420,168767218	chr2,24961069,24961842	134.43
chr2,168766420,168767218	chr2,38558927,38559042	157.65
chr2,168766420,168767218	chr2,52437270,52437519	14.84
chr2,168766420,168767218	chr2,68277714,68278175	23.71
chr2,168766420,168767218	chr2,80030250,80030667	14.86
chr2,168766420,168767218	chr2,107853504,107854023	10.65
chr2,168766420,168767218	chr2,109963950,109964346	10.66
chr2,168766420,168767218	chr2,112670625,112671350	10.67
chr2,168766420,168767218	chr2,117772098,117773411	33.24
chr2,168766420,168767218	chr2,124811342,124811671	15.03
chr2,168766420,168767218	chr2,127428293,127428399	235.92
chr2,168766420,168767218	chr2,127846289,127847080	58.1
chr2,168766420,168767218	chr2,128205483,128206053	6.7
chr2,168766420,168767218	chr2,131805196,131806457	134.51
chr2,168766420,168767218	chr2,131856640,131857169	84.43
chr2,168766420,168767218	chr2,141613600,141614672	7.03
chr2,168766420,168767218	chr2,145312138,145312841	26.42
chr2,168766420,168767218	chr2,150988219,150988640	21.12
chr2,168766420,168767218	chr2,154001321,154002045	200.35
chr2,168766420,168767218	chr2,157595162,157596125	7.53
chr2,168766420,168767218	chr2,159316158,159316827	135.66
chr2,168766420,168767218	chr2,159893405,159894135	75.22
chr2,168766420,168767218	chr2,160080192,160081810	18.47
chr2,168766420,168767218	chr2,160704350,160704583	78.39
chr2,168766420,168767218	chr2,163103942,163105564	8.53
chr2,168766420,168767218	chr2,165190513,165191440	15.98
chr2,168766420,168767218	chr2,168309287,168309446	8.51
chr2,168766420,168767218	chr2,168337555,168338285	6.88
chr2,168766420,168767218	chr2,168519967,168520137	6.49
chr2,168766420,168767218	chr2,168670527,168670715	5.5
chr2,168766420,168767218	chr2,168684987,168685267	5.4
chr2,168766420,168767218	chr2,168721108,168721525	5.18
chr2,168766420,168767218	chr2,168824643,168825027	5.83
chr2,168766420,168767218	chr2,168842445,168842997	5.15
chr2,168766420,168767218	chr2,168845036,168845372	5.9
chr2,168766420,168767218	chr2,168873709,168874002	5.02
chr2,168766420,168767218	chr2,169170079,169170991	5.95
chr2,168766420,168767218	chr2,169365768,169365906	9.72
chr2,168766420,168767218	chr2,169645771,169645899	7.02
chr2,168766420,168767218	chr2,171341213,171341548	5.4
chr2,168766420,168767218	chr2,171855875,171857472	12.7
chr2,168766420,168767218	chr2,172897288,172898255	8.07
chr2,168766420,168767218	chr2,174864713,174865287	16.08
chr2,168766420,168767218	chr2,178093409,178094113	11.39
chr2,168766420,168767218	chr2,178502731,178503138	101.03
chr2,168766420,168767218	chr2,179787845,179788381	12.4
chr2,168766420,168767218	chr2,180051865,180052486	27.57
chr2,168766420,168767218	chr2,180124935,180125204	10.22
chr2,168766420,168767218	chr2,180763344,180763854	98.58
chr2,168766420,168767218	chr2,181447289,181447888	22.87
chr2,168766420,168767218	chr3,74574545,74574789	10.55
chr2,168766420,168767218	chr3,125844016,125844486	6.43
chr2,168766420,168767218	chr3,137027944,137029120	111.74
chr2,168766420,168767218	chr3,145821604,145821732	6.43
chr2,168766420,168767218	chr4,134498630,134499977	6.43
chr2,168766420,168767218	chr4,149074505,149075057	6.43
chr2,168766420,168767218	chr5,133786676,133787349	14.82
chr2,168766420,168767218	chr5,146134850,146136240	14.82
chr2,168766420,168767218	chr6,143292605,143292909	6.43
chr2,168766420,168767218	chr7,12734753,12734951	63.06
chr2,168766420,168767218	chr7,30070288,30070495	84.23
chr2,168766420,168767218	chr7,125517015,125517688	6.43
chr2,168766420,168767218	chr7,131281187,131281524	19.23
chr2,168766420,168767218	chr8,25970518,25972051	37.91
chr2,168766420,168767218	chrX,22282603,22282859	6.43
chr3,34648729,34650279	chr11,24764830,24765997	242.29
chr3,34648729,34650279	chr11,82060541,82061057	37.91
chr3,34648729,34650279	chr11,112280379,112280723	14.82
chr3,34648729,34650279	chr11,116579428,116579654	14.82
chr3,34648729,34650279	chr15,91577034,91577188	6.43
chr3,34648729,34650279	chr16,29586302,29586551	14.82
chr3,34648729,34650279	chr16,50103808,50104151	10.55
chr3,34648729,34650279	chr16,87796576,87796970	140.19
chr3,34648729,34650279	chr17,73154162,73154599	19.23
chr3,34648729,34650279	chr19,58926349,58926734	14.82
chr3,34648729,34650279	chr2,41013991,41014290	19.23
chr3,34648729,34650279	chr3,3216762,3217053	106.45
chr3,34648729,34650279	chr3,5852694,5853143	260.72
chr3,34648729,34650279	chr3,13916435,13917234	7.41
chr3,34648729,34650279	chr3,17087941,17088080	7.66
chr3,34648729,34650279	chr3,17150315,17151674	15.62
chr3,34648729,34650279	chr3,26164866,26165101	12.36
chr3,34648729,34650279	chr3,26581785,26581909	12.05
chr3,34648729,34650279	chr3,29790791,29793045	16.04
chr3,34648729,34650279	chr3,30518265,30519323	5.79
chr3,34648729,34650279	chr3,31408104,31408842	106.64
chr3,34648729,34650279	chr3,31721488,31721692	7.74
chr3,34648729,34650279	chr3,32355700,32356177	5.32
chr3,34648729,34650279	chr3,32583559,32583901	11.12
chr3,34648729,34650279	chr3,32708055,32708188	5.61
chr3,34648729,34650279	chr3,32949216,32949835	5.33
chr3,34648729,34650279	chr3,33871466,33871707	9.17
chr3,34648729,34650279	chr3,33937330,33938063	6.47
chr3,34648729,34650279	chr3,34002467,34002833	5.82
chr3,34648729,34650279	chr3,34399951,34400421	5.17
chr3,34648729,34650279	chr3,34455062,34455376	5.62
chr3,34648729,34650279	chr3,34482234,34482602	6.77
chr3,34648729,34650279	chr3,34484227,34484741	5.3
chr3,34648729,34650279	chr3,35143094,35144381	6.77
chr3,34648729,34650279	chr3,35281152,35282138	6.4
chr3,34648729,34650279	chr3,35486417,35486697	5.9
chr3,34648729,34650279	chr3,35720433,35720633	7.83
chr3,34648729,34650279	chr3,36432892,36433094	5.97
chr3,34648729,34650279	chr3,38674447,38674666	100
chr3,34648729,34650279	chr3,39502082,39503442	7.71
chr3,34648729,34650279	chr3,40421997,40422459	8.45
chr3,34648729,34650279	chr3,40480896,40481720	97.9
chr3,34648729,34650279	chr3,43290632,43291151	7.83
chr3,34648729,34650279	chr3,44757043,44757219	88.75
chr3,34648729,34650279	chr3,49516535,49516883	18.52
chr3,34648729,34650279	chr3,54735112,54735901	74.25
chr3,34648729,34650279	chr3,58471187,58471708	11.31
chr3,34648729,34650279	chr3,58480580,58481269	175.39
chr3,34648729,34650279	chr3,59278309,59279232	33.79
chr3,34648729,34650279	chr3,60049686,60050187	24.15
chr3,34648729,34650279	chr3,61292681,61293589	15.42
chr3,34648729,34650279	chr3,67470432,67471166	58.26
chr3,34648729,34650279	chr3,70307686,70308380	6.79
chr3,34648729,34650279	chr3,78271297,78271420	10.78
chr3,34648729,34650279	chr3,89658306,89658466	14.95
chr3,34648729,34650279	chr3,91207596,91207837	6.56
chr3,34648729,34650279	chr3,99136385,99136711	19.31
chr3,34648729,34650279	chr3,137389212,137389513	111.75
chr3,34648729,34650279	chr3,157608576,157609056	6.45
chr3,34648729,34650279	chr4,44976055,44976619	23.75
chr3,34648729,34650279	chr4,123579390,123579604	10.55
chr3,34648729,34650279	chr5,36766049,36766256	33.1
chr3,34648729,34650279	chr5,40119346,40119457	100.61
chr3,34648729,34650279	chr7,105520891,105521256	6.43
chr4,55531324,55531996	chr1,64258115,64258772	84.23
chr4,55531324,55531996	chr10,4810824,4812303	42.8
chr4,55531324,55531996	chr10,84843893,84844462	10.55
chr4,55531324,55531996	chr11,9348695,9350308	57.9
chr4,55531324,55531996	chr11,98135799,98136879	57.9
chr4,55531324,55531996	chr12,21347648,21348047	14.82
chr4,55531324,55531996	chr13,110037798,110038445	163.53
chr4,55531324,55531996	chr14,21741867,21742364	128.71
chr4,55531324,55531996	chr14,105700543,105700780	28.38
chr4,55531324,55531996	chr14,106713215,106713447	106.15
chr4,55531324,55531996	chr17,43750344,43750626	68.27
chr4,55531324,55531996	chr19,21480637,21480903	14.82
chr4,55531324,55531996	chr2,70884743,70885291	63.06
chr4,55531324,55531996	chr3,24430904,24431689	117.36
chr4,55531324,55531996	chr3,134946789,134947296	52.8
chr4,55531324,55531996	chr4,6866639,6867650	14.99
chr4,55531324,55531996	chr4,11966763,11966981	23.97
chr4,55531324,55531996	chr4,33217329,33217756	11.38
chr4,55531324,55531996	chr4,44102851,44103148	170.51
chr4,55531324,55531996	chr4,45605265,45605414	7.93
chr4,55531324,55531996	chr4,45841959,45842849	26.22
chr4,55531324,55531996	chr4,52864164,52864393	15.29
chr4,55531324,55531996	chr4,53248497,53249129	18.25
chr4,55531324,55531996	chr4,55641729,55641832	5.08
chr4,55531324,55531996	chr4,55642018,55642515	5.92
chr4,55531324,55531996	chr4,55664521,55664891	5.16
chr4,55531324,55531996	chr4,55707253,55707752	5.94
chr4,55531324,55531996	chr4,55784299,55784490	5.4
chr4,55531324,55531996	chr4,55859837,55860069	5.16
chr4,55531324,55531996	chr4,56162837,56163107	5.1
chr4,55531324,55531996	chr4,56223632,56224435	7.08
chr4,55531324,55531996	chr4,56743771,56743965	5.84
chr4,55531324,55531996	chr4,74353365,74353505	7.55
chr4,55531324,55531996	chr4,80569685,80571011	19.78
chr4,55531324,55531996	chr4,82393111,82393714	175.41
chr4,55531324,55531996	chr4,83263782,83265176	15.38
chr4,55531324,55531996	chr4,88232219,88232503	10.97
chr4,55531324,55531996	chr4,104188302,104188591	38.07
chr4,55531324,55531996	chr4,108873374,108873772	10.69
chr4,55531324,55531996	chr4,115011622,115012043	19.33
chr4,55531324,55531996	chr4,126982330,126982490	10.62
chr4,55531324,55531996	chr4,138912751,138913700	14.87
chr4,55531324,55531996	chr4,149222351,149222645	6.47
chr4,55531324,55531996	chr7,79594753,79595374	84.23
chr4,55531324,55531996	chr8,42124618,42125888	100.61
chr4,55531324,55531996	chr9,67693684,67694565	117.36
chr4,55531324,55531996	chr9,85342622,85343256	14.82
chr4,55531324,55531996	chrX,36687651,36689261	14.82
chr6,122339268,122340303	chr1,191225422,191226347	14.82
chr6,122339268,122340303	chr10,94012566,94012827	33.1
chr6,122339268,122340303	chr10,102385677,102386636	28.38
chr6,122339268,122340303	chr10,119150970,119151557	6.43
chr6,122339268,122340303	chr12,104008362,104008604	52.8
chr6,122339268,122340303	chr13,96292866,96292995	10.55
chr6,122339268,122340303	chr14,26787389,26787581	10.55
chr6,122339268,122340303	chr15,48586304,48586967	42.8
chr6,122339268,122340303	chr15,57089691,57089807	10.55
chr6,122339268,122340303	chr16,14350402,14351049	10.55
chr6,122339268,122340303	chr16,90526028,90526402	111.74
chr6,122339268,122340303	chr16,91040776,91041341	6.43
chr6,122339268,122340303	chr17,17539704,17540110	6.43
chr6,122339268,122340303	chr18,5306183,5306478	42.8
chr6,122339268,122340303	chr19,50318081,50318425	28.38
chr6,122339268,122340303	chr2,156716913,156718210	6.43
chr6,122339268,122340303	chr3,73126597,73126774	57.9
chr6,122339268,122340303	chr3,94473886,94474040	6.43
chr6,122339268,122340303	chr3,106162349,106163083	47.77
chr6,122339268,122340303	chr4,86812688,86812814	6.43
chr6,122339268,122340303	chr4,145640131,145640720	6.43
chr6,122339268,122340303	chr6,3477099,3477435	6.45
chr6,122339268,122340303	chr6,17303606,17303871	23.76
chr6,122339268,122340303	chr6,24923974,24924788	140.21
chr6,122339268,122340303	chr6,40247671,40248306	140.22
chr6,122339268,122340303	chr6,41180506,41181809	6.48
chr6,122339268,122340303	chr6,59301939,59302251	6.53
chr6,122339268,122340303	chr6,61247372,61247862	10.65
chr6,122339268,122340303	chr6,65970410,65970835	28.5
chr6,122339268,122340303	chr6,70589362,70590220	6.59
chr6,122339268,122340303	chr6,82436411,82436946	24.02
chr6,122339268,122340303	chr6,93890543,93891140	11.12
chr6,122339268,122340303	chr6,94794560,94794937	74.05
chr6,122339268,122340303	chr6,94894660,94896007	123.42
chr6,122339268,122340303	chr6,100875627,100878179	20.02
chr6,122339268,122340303	chr6,101193609,101194093	7.4
chr6,122339268,122340303	chr6,102455736,102456722	7.5
chr6,122339268,122340303	chr6,106758027,106758819	11.91
chr6,122339268,122340303	chr6,107033726,107034396	7.93
chr6,122339268,122340303	chr6,108814983,108815234	69.41
chr6,122339268,122340303	chr6,112573963,112574600	126.86
chr6,122339268,122340303	chr6,114896478,114897154	72.64
chr6,122339268,122340303	chr6,116902352,116902865	5.21
chr6,122339268,122340303	chr6,119030133,119030318	23.29
chr6,122339268,122340303	chr6,119079609,119079752	7.01
chr6,122339268,122340303	chr6,119377103,119377765	6.69
chr6,122339268,122340303	chr6,122244245,122244690	6.83
chr6,122339268,122340303	chr6,122382569,122382687	6.23
chr6,122339268,122340303	chr6,122675411,122676161	5.08
chr6,122339268,122340303	chr6,122849355,122850064	5.95
chr6,122339268,122340303	chr6,122856024,122856131	6.37
chr6,122339268,122340303	chr6,124068310,124068904	23.48
chr6,122339268,122340303	chr6,124075821,124076430	13.76
chr6,122339268,122340303	chr6,125131820,125132015	5.49
chr6,122339268,122340303	chr6,125539745,125539867	8.07
chr6,122339268,122340303	chr6,126386228,126386652	10.54
chr6,122339268,122340303	chr6,128598601,128599588	113.7
chr6,122339268,122340303	chr6,130379374,130379608	13.12
chr6,122339268,122340303	chr6,134829148,134829880	11.99
chr6,122339268,122340303	chr6,135297556,135297666	112.06
chr6,122339268,122340303	chr6,137531608,137532914	15.87
chr6,122339268,122340303	chr6,139578233,139578356	15.9
chr6,122339268,122340303	chr6,140138923,140139518	101.34
chr6,122339268,122340303	chr6,147048406,147048898	7.18
chr6,122339268,122340303	chr9,120646726,120647033	52.8
chr6,122707354,122707701	chr1,80621418,80621783	42.8
chr6,122707354,122707701	chr10,13712063,13713834	6.43
chr6,122707354,122707701	chr14,81920117,81920666	163.53
chr6,122707354,122707701	chr15,58060139,58060475	42.8
chr6,122707354,122707701	chr16,80587176,80588142	10.55
chr6,122707354,122707701	chr4,75975163,75975456	6.43
chr6,122707354,122707701	chr4,153037656,153038049	42.8
chr6,122707354,122707701	chr6,6883399,6883904	10.57
chr6,122707354,122707701	chr6,8319937,8320114	10.57
chr6,122707354,122707701	chr6,54035878,54036383	6.51
chr6,122707354,122707701	chr6,64463064,64463433	100.7
chr6,122707354,122707701	chr6,72244237,72244467	23.9
chr6,122707354,122707701	chr6,74689354,74690594	79.01
chr6,122707354,122707701	chr6,78045999,78047017	6.65
chr6,122707354,122707701	chr6,84953241,84953877	19.53
chr6,122707354,122707701	chr6,91789088,91789938	6.92
chr6,122707354,122707701	chr6,96128628,96128925	15.45
chr6,122707354,122707701	chr6,98074783,98075253	140.55
chr6,122707354,122707701	chr6,103914048,103914479	15.8
chr6,122707354,122707701	chr6,107478348,107478476	15.74
chr6,122707354,122707701	chr6,108975920,108976060	59.11
chr6,122707354,122707701	chr6,111632502,111633693	84.64
chr6,122707354,122707701	chr6,113874215,113874613	63.52
chr6,122707354,122707701	chr6,115355113,115355395	14.28
chr6,122707354,122707701	chr6,116958059,116958493	28.81
chr6,122707354,122707701	chr6,117711802,117712306	11.54
chr6,122707354,122707701	chr6,118011070,118011641	9.66
chr6,122707354,122707701	chr6,118181957,118182151	10.89
chr6,122707354,122707701	chr6,118738469,118738998	6.15
chr6,122707354,122707701	chr6,122256274,122256895	6.19
chr6,122707354,122707701	chr6,122396396,122396841	6.04
chr6,122707354,122707701	chr6,122671188,122671629	5.2
chr6,122707354,122707701	chr6,122865407,122865689	5.02
chr6,122707354,122707701	chr6,122981699,122982009	5.52
chr6,122707354,122707701	chr6,123216206,123216773	6.97
chr6,122707354,122707701	chr6,123294897,123296798	5.16
chr6,122707354,122707701	chr6,123891211,123891756	10.76
chr6,122707354,122707701	chr6,124106386,124107343	12.77
chr6,122707354,122707701	chr6,124397419,124397733	7.37
chr6,122707354,122707701	chr6,126653048,126653291	6.13
chr6,122707354,122707701	chr6,127107275,127108216	12.08
chr6,122707354,122707701	chr6,127185243,127186116	29.86
chr6,122707354,122707701	chr6,128974438,128975268	5.16
chr6,122707354,122707701	chr6,131423681,131424038	5.02
chr6,122707354,122707701	chr6,134197793,134198139	22.9
chr6,122707354,122707701	chr6,145600430,145600656	106.69
chr6,122707354,122707701	chr7,68622593,68623759	95.11
chr6,122707354,122707701	chr8,59401983,59402373	42.8
chr8,72317488,72319340	chr1,7166775,7167855	14.82
chr8,72317488,72319340	chr10,18575802,18576223	33.1
chr8,72317488,72319340	chr11,26835235,26835425	19.23
chr8,72317488,72319340	chr11,29222669,29222999	193.34
chr8,72317488,72319340	chr11,85506556,85506666	10.55
chr8,72317488,72319340	chr12,83558739,83559832	14.82
chr8,72317488,72319340	chr13,31831961,31832716	14.82
chr8,72317488,72319340	chr14,96455749,96456162	6.43
chr8,72317488,72319340	chr16,95437725,95438272	10.55
chr8,72317488,72319340	chr19,20717640,20719207	23.75
chr8,72317488,72319340	chr2,10297165,10297495	33.1
chr8,72317488,72319340	chr2,11389767,11390235	10.55
chr8,72317488,72319340	chr2,92822180,92822641	6.43
chr8,72317488,72319340	chr2,136508962,136509526	6.43
chr8,72317488,72319340	chr2,144233150,144233596	19.23
chr8,72317488,72319340	chr2,167930154,167930281	14.82
chr8,72317488,72319340	chr3,140535972,140536316	14.82
chr8,72317488,72319340	chr4,8800005,8800113	28.38
chr8,72317488,72319340	chr4,82372159,82372482	42.8
chr8,72317488,72319340	chr4,95701888,95702149	151.8
chr8,72317488,72319340	chr5,34924428,34925067	6.43
chr8,72317488,72319340	chr5,79950627,79951602	37.91
chr8,72317488,72319340	chr5,135867977,135868338	19.23
chr8,72317488,72319340	chr6,115876474,115877275	151.8
chr8,72317488,72319340	chr6,119447846,119448808	6.43
chr8,72317488,72319340	chr6,129093262,129093498	19.23
chr8,72317488,72319340	chr6,145185397,145185588	14.82
chr8,72317488,72319340	chr7,23892272,23894394	23.75
chr8,72317488,72319340	chr7,29295050,29295172	33.1
chr8,72317488,72319340	chr7,140049628,140049820	6.43
chr8,72317488,72319340	chr8,5542622,5543709	123.07
chr8,72317488,72319340	chr8,8047040,8047285	10.64
chr8,72317488,72319340	chr8,11655174,11655807	14.93
chr8,72317488,72319340	chr8,22388537,22388811	181.41
chr8,72317488,72319340	chr8,26559870,26560313	38.1
chr8,72317488,72319340	chr8,35105897,35106489	43.1
chr8,72317488,72319340	chr8,67273309,67273488	193.87
chr8,72317488,72319340	chr8,69087671,69087786	6.53
chr8,72317488,72319340	chr8,69240187,69240737	10.3
chr8,72317488,72319340	chr8,70730410,70731022	6.92
chr8,72317488,72319340	chr8,71633041,71633183	6.66
chr8,72317488,72319340	chr8,71743147,71743427	5.54
chr8,72317488,72319340	chr8,71955179,71955503	5.33
chr8,72317488,72319340	chr8,72092141,72092952	5.39
chr8,72317488,72319340	chr8,72265345,72266027	7.56
chr8,72317488,72319340	chr8,72354487,72354613	6.48
chr8,72317488,72319340	chr8,72483334,72483492	5.13
chr8,72317488,72319340	chr8,72581679,72582656	8.15
chr8,72317488,72319340	chr8,74243783,74244588	5.85
chr8,72317488,72319340	chr8,74291387,74291734	7.78
chr8,72317488,72319340	chr8,84646315,84646462	64.08
chr8,72317488,72319340	chr8,85442718,85442972	23.81
chr8,72317488,72319340	chr8,87955558,87956709	15.65
chr8,72317488,72319340	chr8,90110732,90111449	15.76
chr8,72317488,72319340	chr8,95927947,95928588	19.89
chr8,72317488,72319340	chr8,104392274,104392697	43.21
chr8,72317488,72319340	chr8,107451917,107452040	6.8
chr8,72317488,72319340	chr8,110662029,110662688	23.9
chr8,72317488,72319340	chr8,111753308,111753715	6.72
chr8,72317488,72319340	chr8,115101660,115102137	6.67
chr8,72317488,72319340	chr8,118317665,118318368	84.39
chr8,72317488,72319340	chr8,120494940,120496299	10.73
chr8,72317488,72319340	chr8,123866169,123866950	6.59
chr8,72317488,72319340	chr8,123986367,123986644	33.25
chr8,72317488,72319340	chr8,125835364,125835625	6.57
chr8,72317488,72319340	chr9,21819269,21819539	145.98
chr8,72317488,72319340	chr9,64932810,64933607	100.61
chr8,72317488,72319340	chr9,109095580,109095725	14.82
chr8,72317488,72319340	chrX,84070249,84070539	14.82
chr8,72317488,72319340	chrX,113831838,113831974	73.54
chr8,72317488,72319340	chrX,154445953,154446064	10.55
chr9,78368132,78368522	chr1,43116340,43117545	28.38
chr9,78368132,78368522	chr1,112544116,112544527	6.43
chr9,78368132,78368522	chr1,135397651,135398002	6.43
chr9,78368132,78368522	chr10,83690381,83690882	37.91
chr9,78368132,78368522	chr10,125758822,125759216	89.65
chr9,78368132,78368522	chr11,95388545,95389236	6.43
chr9,78368132,78368522	chr14,47161900,47162085	6.43
chr9,78368132,78368522	chr14,98949745,98950385	6.43
chr9,78368132,78368522	chr15,98758123,98758849	10.55
chr9,78368132,78368522	chr2,9199244,9201501	57.9
chr9,78368132,78368522	chr2,38745883,38746465	28.38
chr9,78368132,78368522	chr2,42371782,42372875	57.9
chr9,78368132,78368522	chr4,105675083,105675798	14.82
chr9,78368132,78368522	chr5,28032865,28033481	10.55
chr9,78368132,78368522	chr5,121932864,121932986	19.23
chr9,78368132,78368522	chr6,51595894,51596513	14.82
chr9,78368132,78368522	chr7,18894459,18894873	19.23
chr9,78368132,78368522	chr7,101135564,101136247	23.75
chr9,78368132,78368522	chr9,21862296,21863526	25.71
chr9,78368132,78368522	chr9,23792415,23792698	10.69
chr9,78368132,78368522	chr9,40328461,40329188	10.86
chr9,78368132,78368522	chr9,57562864,57563823	15.76
chr9,78368132,78368522	chr9,65327840,65328925	54.23
chr9,78368132,78368522	chr9,71735572,71735909	86.48
chr9,78368132,78368522	chr9,73461467,73461995	23.09
chr9,78368132,78368522	chr9,75581678,75582517	8.71
chr9,78368132,78368522	chr9,77898776,77899360	8.11
chr9,78368132,78368522	chr9,78094717,78095192	6.34
chr9,78368132,78368522	chr9,78509101,78509940	5.25
chr9,78368132,78368522	chr9,78514750,78515314	5.27
chr9,78368132,78368522	chr9,79125715,79126719	5.32
chr9,78368132,78368522	chr9,79331221,79332129	10.66
chr9,78368132,78368522	chr9,83172178,83172792	8.78
chr9,78368132,78368522	chr9,101976920,101977973	7.24
chr9,78368132,78368522	chr9,106029800,106030159	11.15
chr9,78368132,78368522	chr9,114384730,114385015	15.17
chr9,78368132,78368522	chr9,119759797,119760178	6.69
