chr1,118628128,118629090	chr1,48026945,48027327	10.32
chr1,118628128,118629090	chr1,59096217,59096754	18.93
chr1,118628128,118629090	chr1,65862639,65863004	62.32
chr1,118628128,118629090	chr1,72116336,72116832	6.38
chr1,118628128,118629090	chr1,97931834,97931945	15.49
chr1,118628128,118629090	chr1,98586895,98587028	38.36
chr1,118628128,118629090	chr1,98706202,98707707	53.09
chr1,118628128,118629090	chr1,104593626,104594287	20.53
chr1,118628128,118629090	chr1,106680369,106681419	8.29
chr1,118628128,118629090	chr1,106759304,106759673	64.16
chr1,118628128,118629090	chr1,106830917,106831232	49.09
chr1,118628128,118629090	chr1,107981620,107981858	49.27
chr1,118628128,118629090	chr1,112797270,112797427	99.34
chr1,118628128,118629090	chr1,112896798,112896967	5.9
chr1,118628128,118629090	chr1,114415150,114417178	5.93
chr1,118628128,118629090	chr1,114721306,114722049	9.47
chr1,118628128,118629090	chr1,116531358,116531902	11.83
chr1,118628128,118629090	chr1,117559575,117559971	5.59
chr1,118628128,118629090	chr1,118231845,118232536	6.04
chr1,118628128,118629090	chr1,118461656,118461816	5.72
chr1,118628128,118629090	chr1,118794521,118795733	5.91
chr1,118628128,118629090	chr1,118882063,118883291	7.69
chr1,118628128,118629090	chr1,118925247,118925383	5.65
chr1,118628128,118629090	chr1,118950468,118950781	6.3
chr1,118628128,118629090	chr1,119192430,119193641	5.69
chr1,118628128,118629090	chr1,119226385,119226719	6.96
chr1,118628128,118629090	chr1,119520642,119521434	6.76
chr1,118628128,118629090	chr1,119873085,119873228	7.05
chr1,118628128,118629090	chr1,119920871,119922603	5.07
chr1,118628128,118629090	chr1,121216685,121217198	5.01
chr1,118628128,118629090	chr1,121773521,121774046	5.43
chr1,118628128,118629090	chr1,122210974,122211553	10.45
chr1,118628128,118629090	chr1,124712689,124712994	49.62
chr1,118628128,118629090	chr1,126652187,126652720	9.08
chr1,118628128,118629090	chr1,133057807,133058035	38.97
chr1,118628128,118629090	chr1,136650532,136650931	48.29
chr1,118628128,118629090	chr1,136968436,136969047	24.49
chr1,118628128,118629090	chr1,138137004,138138036	19.94
chr1,118628128,118629090	chr1,142102555,142102695	28.69
chr1,118628128,118629090	chr1,152299558,152300169	19.23
chr1,118628128,118629090	chr1,154124740,154124841	52.39
chr1,118628128,118629090	chr1,155185391,155186430	47.38
chr1,118628128,118629090	chr1,157400874,157401042	6.48
chr1,118628128,118629090	chr1,159425637,159426982	6.45
chr1,118628128,118629090	chr1,161285515,161285709	10.49
chr1,118628128,118629090	chr1,162637357,162639079	47.27
chr1,118628128,118629090	chr1,166120068,166120539	32.72
chr1,118628128,118629090	chr1,169583037,169583492	37.45
chr1,118628128,118629090	chr1,169973805,169974363	52.18
chr1,118628128,118629090	chr1,195023523,195023931	32.59
chr1,118628128,118629090	chr11,58605415,58605953	52.02
chr1,118628128,118629090	chr12,89222434,89222591	18.82
chr1,118628128,118629090	chr12,106140561,106141046	6.18
chr1,118628128,118629090	chr13,16974712,16975032	23.29
chr1,118628128,118629090	chr13,96768244,96769309	10.24
chr1,118628128,118629090	chr14,31908815,31909511	32.53
chr1,118628128,118629090	chr14,54924623,54925346	10.24
chr1,118628128,118629090	chr16,10222307,10222571	14.46
chr1,118628128,118629090	chr19,40927931,40928313	14.46
chr1,118628128,118629090	chr3,65270939,65271299	10.24
chr1,118628128,118629090	chr5,99616491,99618019	37.29
chr1,118628128,118629090	chr5,114992111,114993511	6.18
chr1,118628128,118629090	chr6,104402500,104402847	6.18
chr1,118628128,118629090	chr6,114288975,114289650	6.18
chr1,118628128,118629090	chr7,116944925,116945878	6.18
chr1,118628128,118629090	chr8,15424101,15424205	14.46
chr11,100938874,100939386	chr1,122108287,122109541	14.46
chr11,100938874,100939386	chr1,123281342,123281887	10.24
chr11,100938874,100939386	chr1,127732280,127732726	57.07
chr11,100938874,100939386	chr10,68444370,68445217	18.82
chr11,100938874,100939386	chr10,76297293,76297451	37.29
chr11,100938874,100939386	chr10,77940501,77940785	6.18
chr11,100938874,100939386	chr11,29636320,29637044	23.38
chr11,100938874,100939386	chr11,70692331,70692679	6.69
chr11,100938874,100939386	chr11,72040249,72041882	37.84
chr11,100938874,100939386	chr11,73190305,73190711	47.63
chr11,100938874,100939386	chr11,76182217,76184464	19.56
chr11,100938874,100939386	chr11,78914275,78914456	11.16
chr11,100938874,100939386	chr11,86416115,86416952	7.84
chr11,100938874,100939386	chr11,87082646,87083002	7.93
chr11,100938874,100939386	chr11,87412212,87412400	19.87
chr11,100938874,100939386	chr11,90668130,90668451	8.4
chr11,100938874,100939386	chr11,98110559,98110769	9.37
chr11,100938874,100939386	chr11,99526823,99527888	5.27
chr11,100938874,100939386	chr11,99904992,99906188	6.35
chr11,100938874,100939386	chr11,100101747,100101924	9.31
chr11,100938874,100939386	chr11,100139075,100139668	5.24
chr11,100938874,100939386	chr11,100475763,100475891	6.44
chr11,100938874,100939386	chr11,100547799,100548355	6.24
chr11,100938874,100939386	chr11,100648115,100648579	5.67
chr11,100938874,100939386	chr11,100795034,100795188	5.26
chr11,100938874,100939386	chr11,100802925,100804016	5.23
chr11,100938874,100939386	chr11,101043938,101044306	5.07
chr11,100938874,100939386	chr11,101122875,101123015	5.09
chr11,100938874,100939386	chr11,101974067,101974811	7.05
chr11,100938874,100939386	chr11,108528815,108529263	17.29
chr11,100938874,100939386	chr11,116337666,116338192	11.76
chr11,100938874,100939386	chr11,117236994,117238246	38.67
chr11,100938874,100939386	chr11,117832910,117833228	33.87
chr11,100938874,100939386	chr11,117924278,117925049	33.86
chr11,100938874,100939386	chr11,119021829,119022391	94.97
chr11,100938874,100939386	chr11,121595701,121595859	145.11
chr11,100938874,100939386	chr12,8777974,8778182	10.24
chr11,100938874,100939386	chr12,78230130,78230376	6.18
chr11,100938874,100939386	chr12,87395719,87396329	14.46
chr11,100938874,100939386	chr13,63644347,63645533	37.29
chr11,100938874,100939386	chr13,114380416,114380984	23.29
chr11,100938874,100939386	chr14,57428395,57428724	57.07
chr11,100938874,100939386	chr14,100035541,100035893	14.46
chr11,100938874,100939386	chr15,79694262,79694649	27.86
chr11,100938874,100939386	chr15,89167210,89168240	37.29
chr11,100938874,100939386	chr15,98664082,98664623	23.29
chr11,100938874,100939386	chr16,19741576,19741855	27.86
chr11,100938874,100939386	chr16,50891067,50891500	37.29
chr11,100938874,100939386	chr16,97279941,97280141	23.29
chr11,100938874,100939386	chr17,46112533,46112747	47.04
chr11,100938874,100939386	chr18,24504689,24505291	27.86
chr11,100938874,100939386	chr19,33183004,33183495	42.13
chr11,100938874,100939386	chr19,56452991,56454540	14.46
chr11,100938874,100939386	chr2,25527110,25527297	6.18
chr11,100938874,100939386	chr2,57873808,57874137	23.29
chr11,100938874,100939386	chr2,170976568,170977246	18.82
chr11,100938874,100939386	chr3,17736634,17737187	18.82
chr11,100938874,100939386	chr3,62201837,62202119	47.04
chr11,100938874,100939386	chr3,87690940,87691211	10.24
chr11,100938874,100939386	chr3,90189513,90189687	42.13
chr11,100938874,100939386	chr3,95199352,95200637	42.13
chr11,100938874,100939386	chr3,102567954,102568594	23.29
chr11,100938874,100939386	chr4,34869153,34869849	27.86
chr11,100938874,100939386	chr4,56089724,56090042	23.29
chr11,100938874,100939386	chr4,103284098,103284521	104.85
chr11,100938874,100939386	chr4,123812349,123812501	6.18
chr11,100938874,100939386	chr5,64972783,64973111	77.82
chr11,100938874,100939386	chr5,103310993,103313632	18.82
chr11,100938874,100939386	chr5,137355098,137355534	6.18
chr11,100938874,100939386	chr6,58498316,58498547	138.57
chr11,100938874,100939386	chr6,124916260,124916541	6.18
chr11,100938874,100939386	chr7,16534154,16534849	10.24
chr11,100938874,100939386	chr7,113972020,113972455	6.18
chr11,100938874,100939386	chr8,34043795,34044171	14.46
chr11,100938874,100939386	chr8,80515409,80515542	138.57
chr11,100938874,100939386	chr8,119839262,119839897	23.29
chr11,100938874,100939386	chr9,56654625,56654798	57.07
chr11,100938874,100939386	chr9,57972005,57973184	32.53
chr11,100938874,100939386	chr9,59390909,59391374	10.24
chr11,100938874,100939386	chr9,97189032,97189257	10.24
chr11,100938874,100939386	chrX,161991467,161991901	52.02
chr12,86419274,86422913	chr1,89294265,89294662	72.55
chr12,86419274,86422913	chr1,100499538,100499934	62.17
chr12,86419274,86422913	chr1,121854168,121854546	88.5
chr12,86419274,86422913	chr1,133412673,133413080	52.02
chr12,86419274,86422913	chr1,186768508,186768735	23.29
chr12,86419274,86422913	chr10,66902922,66904431	62.17
chr12,86419274,86422913	chr11,6395073,6395423	6.18
chr12,86419274,86422913	chr11,52601584,52603523	6.18
chr12,86419274,86422913	chr11,59136621,59137196	62.17
chr12,86419274,86422913	chr11,63544834,63545435	144.31
chr12,86419274,86422913	chr11,66507333,66508314	6.18
chr12,86419274,86422913	chr11,70644764,70645086	52.02
chr12,86419274,86422913	chr11,108752598,108753679	32.53
chr12,86419274,86422913	chr12,4158994,4159297	138.61
chr12,86419274,86422913	chr12,5325147,5325375	88.55
chr12,86419274,86422913	chr12,5790365,5791596	6.23
chr12,86419274,86422913	chr12,5835981,5836299	10.29
chr12,86419274,86422913	chr12,9607360,9607867	173.49
chr12,86419274,86422913	chr12,10213963,10214262	215.38
chr12,86419274,86422913	chr12,14352610,14352795	62.24
chr12,86419274,86422913	chr12,14918600,14919018	27.93
chr12,86419274,86422913	chr12,24680704,24680875	6.28
chr12,86419274,86422913	chr12,26237349,26237498	99.45
chr12,86419274,86422913	chr12,28373946,28374603	277.13
chr12,86419274,86422913	chr12,29265734,29267108	62.29
chr12,86419274,86422913	chr12,32050290,32051390	14.6
chr12,86419274,86422913	chr12,44552025,44552488	57.3
chr12,86419274,86422913	chr12,45356458,45358425	94.14
chr12,86419274,86422913	chr12,46820778,46821291	6.46
chr12,86419274,86422913	chr12,50386409,50386566	25.94
chr12,86419274,86422913	chr12,50466095,50466362	62.49
chr12,86419274,86422913	chr12,54315851,54316346	156.16
chr12,86419274,86422913	chr12,56536473,56536710	6.7
chr12,86419274,86422913	chr12,57355693,57355822	28.39
chr12,86419274,86422913	chr12,62217420,62218550	47.74
chr12,86419274,86422913	chr12,62891716,62893216	264.23
chr12,86419274,86422913	chr12,64102513,64103860	11.1
chr12,86419274,86422913	chr12,64713370,64713696	78.52
chr12,86419274,86422913	chr12,65121694,65121910	33.42
chr12,86419274,86422913	chr12,67731579,67732664	190.83
chr12,86419274,86422913	chr12,69136630,69137198	138.6
chr12,86419274,86422913	chr12,69419941,69420454	53.05
chr12,86419274,86422913	chr12,69644904,69645040	7.48
chr12,86419274,86422913	chr12,70213284,70213742	78.58
chr12,86419274,86422913	chr12,70291228,70292268	11.38
chr12,86419274,86422913	chr12,70547293,70548009	18.25
chr12,86419274,86422913	chr12,70655928,70656790	94.4
chr12,86419274,86422913	chr12,72891778,72893359	182.23
chr12,86419274,86422913	chr12,73549151,73549707	57.97
chr12,86419274,86422913	chr12,75314815,75315499	167.05
chr12,86419274,86422913	chr12,75766162,75766305	27.29
chr12,86419274,86422913	chr12,79785030,79785535	8.65
chr12,86419274,86422913	chr12,80526622,80526923	10.32
chr12,86419274,86422913	chr12,80615255,80615454	82.57
chr12,86419274,86422913	chr12,81313395,81313952	13.18
chr12,86419274,86422913	chr12,82666273,82666575	5.29
chr12,86419274,86422913	chr12,83135866,83136081	15.12
chr12,86419274,86422913	chr12,83242520,83243222	10.84
chr12,86419274,86422913	chr12,84388031,84389169	5.19
chr12,86419274,86422913	chr12,84745669,84746055	5.53
chr12,86419274,86422913	chr12,84940221,84941025	5.15
chr12,86419274,86422913	chr12,85156471,85156636	5.67
chr12,86419274,86422913	chr12,85919529,85920489	5.1
chr12,86419274,86422913	chr12,85923584,85924177	5.27
chr12,86419274,86422913	chr12,86010791,86011059	5.99
chr12,86419274,86422913	chr12,86070287,86070653	5.54
chr12,86419274,86422913	chr12,86140667,86142171	6.05
chr12,86419274,86422913	chr12,86173860,86174072	5.43
chr12,86419274,86422913	chr12,86277340,86277932	5.12
chr12,86419274,86422913	chr12,86297653,86297966	5.83
chr12,86419274,86422913	chr12,86323217,86323376	5.53
chr12,86419274,86422913	chr12,86376530,86376914	5.13
chr12,86419274,86422913	chr12,86480685,86481415	5.12
chr12,86419274,86422913	chr12,86623881,86624827	5.39
chr12,86419274,86422913	chr12,86967851,86968359	5.33
chr12,86419274,86422913	chr12,91018527,91018707	17.16
chr12,86419274,86422913	chr12,91138851,91140175	11.23
chr12,86419274,86422913	chr12,91430075,91430648	118.04
chr12,86419274,86422913	chr12,96441052,96441371	15.97
chr12,86419274,86422913	chr12,98243152,98244035	93.2
chr12,86419274,86422913	chr12,98694619,98695602	186.12
chr12,86419274,86422913	chr12,102986000,102986577	33.75
chr12,86419274,86422913	chr12,103132481,103132922	207.9
chr12,86419274,86422913	chr12,104146163,104146532	68.21
chr12,86419274,86422913	chr12,104238380,104238624	190.61
chr12,86419274,86422913	chr12,104277493,104278776	68.21
chr12,86419274,86422913	chr12,104779674,104780198	83.87
chr12,86419274,86422913	chr12,105983558,105983682	47.98
chr12,86419274,86422913	chr12,106671756,106672098	116.44
chr12,86419274,86422913	chr12,107652282,107653054	11.16
chr12,86419274,86422913	chr12,108373145,108374608	99.95
chr12,86419274,86422913	chr12,108468135,108468337	15.28
chr12,86419274,86422913	chr12,108549669,108549917	116.45
chr12,86419274,86422913	chr12,109958881,109959509	6.98
chr12,86419274,86422913	chr12,112197962,112198845	185.51
chr12,86419274,86422913	chr12,112487522,112488070	233.67
chr12,86419274,86422913	chr12,113179235,113179494	15.08
chr12,86419274,86422913	chr12,113397252,113397547	19.4
chr12,86419274,86422913	chr12,116896648,116897364	23.79
chr12,86419274,86422913	chr12,117500397,117500982	32.99
chr12,86419274,86422913	chr12,117693402,117693923	6.65
chr12,86419274,86422913	chr12,117985729,117986170	42.57
chr12,86419274,86422913	chr12,118598908,118599110	62.58
chr12,86419274,86422913	chr13,31161190,31161618	47.04
chr12,86419274,86422913	chr13,31273193,31273402	57.07
chr12,86419274,86422913	chr13,51435028,51435290	47.04
chr12,86419274,86422913	chr13,99691210,99691427	6.18
chr12,86419274,86422913	chr14,47696375,47696749	18.82
chr12,86419274,86422913	chr14,56201973,56202898	77.82
chr12,86419274,86422913	chr16,71363218,71363716	14.46
chr12,86419274,86422913	chr16,89360959,89362989	10.24
chr12,86419274,86422913	chr16,92099480,92099697	72.55
chr12,86419274,86422913	chr16,93862983,93864064	239.79
chr12,86419274,86422913	chr17,35341341,35341702	14.46
chr12,86419274,86422913	chr17,83774166,83774918	67.34
chr12,86419274,86422913	chr18,26346885,26347132	221.42
chr12,86419274,86422913	chr18,43048546,43048712	27.86
chr12,86419274,86422913	chr19,6144949,6146041	32.53
chr12,86419274,86422913	chr19,17351568,17352315	10.24
chr12,86419274,86422913	chr19,22950017,22950159	32.53
chr12,86419274,86422913	chr19,25910334,25910680	67.34
chr12,86419274,86422913	chr19,34820307,34821727	27.86
chr12,86419274,86422913	chr2,49579214,49579342	72.55
chr12,86419274,86422913	chr2,78810421,78810582	10.24
chr12,86419274,86422913	chr2,115629222,115629647	308.64
chr12,86419274,86422913	chr2,168803752,168804508	10.24
chr12,86419274,86422913	chr3,28986455,28986926	14.46
chr12,86419274,86422913	chr3,59938870,59939054	72.55
chr12,86419274,86422913	chr3,70188621,70188908	57.07
chr12,86419274,86422913	chr3,129662756,129662870	62.17
chr12,86419274,86422913	chr4,33629865,33630047	10.24
chr12,86419274,86422913	chr4,34024690,34024866	57.07
chr12,86419274,86422913	chr4,75041254,75041687	32.53
chr12,86419274,86422913	chr5,20964091,20965019	14.46
chr12,86419274,86422913	chr5,133777806,133778773	227.52
chr12,86419274,86422913	chr6,28961991,28962544	115.95
chr12,86419274,86422913	chr6,57600146,57600407	57.07
chr12,86419274,86422913	chr7,75701780,75702280	27.86
chr12,86419274,86422913	chr7,117709627,117711559	47.04
chr12,86419274,86422913	chr7,119300134,119300400	14.46
chr12,86419274,86422913	chr7,140853863,140854105	93.91
chr12,86419274,86422913	chr7,144461896,144462182	6.18
chr12,86419274,86422913	chr8,68631199,68632025	14.46
chr12,86419274,86422913	chr9,51182204,51182764	99.36
chr12,86419274,86422913	chr9,56583320,56583544	32.53
chr12,86419274,86422913	chr9,67103971,67104219	32.53
chr12,86419274,86422913	chr9,78685669,78686057	27.86
chr12,86419274,86422913	chr9,104443116,104443793	42.13
chr12,86419274,86422913	chr9,123314351,123314880	37.29
chr15,7128930,7130283	chr10,90689001,90689322	10.24
chr15,7128930,7130283	chr11,32742503,32742902	6.18
chr15,7128930,7130283	chr11,83709216,83709439	104.85
chr15,7128930,7130283	chr14,20751352,20751885	6.18
chr15,7128930,7130283	chr14,49043971,49044168	47.04
chr15,7128930,7130283	chr14,81905126,81906483	47.04
chr15,7128930,7130283	chr14,121666536,121666807	27.86
chr15,7128930,7130283	chr15,3635057,3635515	7.98
chr15,7128930,7130283	chr15,3686194,3686352	11.07
chr15,7128930,7130283	chr15,3725340,3725971	7.83
chr15,7128930,7130283	chr15,3778087,3778683	7.73
chr15,7128930,7130283	chr15,4316467,4318490	5.02
chr15,7128930,7130283	chr15,5329963,5330534	10.38
chr15,7128930,7130283	chr15,5447966,5448316	5.37
chr15,7128930,7130283	chr15,6473274,6473552	7.03
chr15,7128930,7130283	chr15,6917473,6917959	5.7
chr15,7128930,7130283	chr15,6964404,6964547	5.03
chr15,7128930,7130283	chr15,6966442,6966843	5.17
chr15,7128930,7130283	chr15,7006549,7006955	5.87
chr15,7128930,7130283	chr15,7337662,7337961	5.41
chr15,7128930,7130283	chr15,7352258,7352560	5.58
chr15,7128930,7130283	chr15,7697413,7698058	5.38
chr15,7128930,7130283	chr15,8664230,8664403	5.51
chr15,7128930,7130283	chr15,10130905,10131445	5.21
chr15,7128930,7130283	chr15,10136555,10136781	8.04
chr15,7128930,7130283	chr15,11099613,11100001	11.29
chr15,7128930,7130283	chr15,12676987,12677144	14.71
chr15,7128930,7130283	chr15,12943672,12944479	25.8
chr15,7128930,7130283	chr15,17132775,17133438	12.21
chr15,7128930,7130283	chr15,18992045,18992725	69.04
chr15,7128930,7130283	chr15,21604090,21605271	53.58
chr15,7128930,7130283	chr15,23167799,23167995	24.52
chr15,7128930,7130283	chr15,24089746,24089916	180.24
chr15,7128930,7130283	chr15,25174674,25176390	53.22
chr15,7128930,7130283	chr15,27284309,27284522	28.91
chr15,7128930,7130283	chr15,31042925,31043669	52.8
chr15,7128930,7130283	chr15,34727788,34728091	15.08
chr15,7128930,7130283	chr15,38370651,38371026	62.64
chr15,7128930,7130283	chr15,39196391,39196853	37.74
chr15,7128930,7130283	chr15,40117291,40117963	14.89
chr15,7128930,7130283	chr15,43510492,43511490	6.53
chr15,7128930,7130283	chr15,45275137,45276802	23.63
chr15,7128930,7130283	chr15,57512293,57513057	6.34
chr15,7128930,7130283	chr15,60501854,60503123	10.39
chr15,7128930,7130283	chr15,68316212,68316675	6.28
chr15,7128930,7130283	chr15,70464972,70465583	27.96
chr15,7128930,7130283	chr15,72291196,72291664	23.37
chr15,7128930,7130283	chr15,73625505,73626150	32.62
chr15,7128930,7130283	chr15,77276220,77276495	18.89
chr15,7128930,7130283	chr15,87399209,87399729	52.07
chr15,7128930,7130283	chr15,92492369,92493291	62.22
chr15,7128930,7130283	chr15,103460775,103461026	37.32
chr15,7128930,7130283	chr16,34335500,34336034	10.24
chr15,7128930,7130283	chr17,73202824,73203460	14.46
chr15,7128930,7130283	chr18,9641844,9641946	18.82
chr15,7128930,7130283	chr19,29510460,29510575	10.24
chr15,7128930,7130283	chr19,51395326,51395946	10.24
chr15,7128930,7130283	chr2,37107323,37107556	23.29
chr15,7128930,7130283	chr2,101537786,101538447	32.53
chr15,7128930,7130283	chr3,115094342,115096310	88.5
chr15,7128930,7130283	chr4,27612138,27613032	14.46
chr15,7128930,7130283	chr4,45517193,45517388	10.24
chr15,7128930,7130283	chr5,58161357,58162103	93.91
chr15,7128930,7130283	chr6,5556928,5557581	18.82
chr15,7128930,7130283	chr6,8912407,8912779	72.55
chr15,7128930,7130283	chr6,12200316,12200699	27.86
chr15,7128930,7130283	chr6,91838753,91839343	18.82
chr15,7128930,7130283	chr8,99108311,99109445	10.24
chr15,7128930,7130283	chr8,109488089,109489250	42.13
chr15,7128930,7130283	chr9,29090770,29091136	23.29
chr15,7128930,7130283	chr9,29283310,29283871	6.18
chr15,7128930,7130283	chr9,60167996,60168105	10.24
chr15,7128930,7130283	chr9,75257608,75258122	27.86
chr16,10479663,10480580	chr1,175177318,175177846	67.34
chr16,10479663,10480580	chr10,106680155,106680540	104.85
chr16,10479663,10480580	chr10,125892636,125893380	18.82
chr16,10479663,10480580	chr11,4762675,4763177	52.02
chr16,10479663,10480580	chr11,76699813,76700132	32.53
chr16,10479663,10480580	chr12,108407693,108407859	52.02
chr16,10479663,10480580	chr13,6869781,6870834	32.53
chr16,10479663,10480580	chr13,48787908,48788150	6.18
chr16,10479663,10480580	chr13,74911932,74912675	88.5
chr16,10479663,10480580	chr13,96984097,96984953	77.82
chr16,10479663,10480580	chr14,18290448,18290723	32.53
chr16,10479663,10480580	chr14,111119524,111119802	42.13
chr16,10479663,10480580	chr15,41548458,41549380	10.24
chr16,10479663,10480580	chr15,79739305,79740330	57.07
chr16,10479663,10480580	chr15,88747658,88747834	6.18
chr16,10479663,10480580	chr16,4118969,4119264	20.59
chr16,10479663,10480580	chr16,5201605,5202252	139.09
chr16,10479663,10480580	chr16,7728015,7728873	19.75
chr16,10479663,10480580	chr16,8422293,8422667	5.74
chr16,10479663,10480580	chr16,10263932,10264456	5.44
chr16,10479663,10480580	chr16,10395580,10395724	5.01
chr16,10479663,10480580	chr16,10428249,10429330	5
chr16,10479663,10480580	chr16,10587368,10588328	5.34
chr16,10479663,10480580	chr16,10701180,10701894	5.68
chr16,10479663,10480580	chr16,10774933,10775521	5.86
chr16,10479663,10480580	chr16,10822384,10822499	6.81
chr16,10479663,10480580	chr16,11626402,11626579	6.9
chr16,10479663,10480580	chr16,12038677,12038796	8.22
chr16,10479663,10480580	chr16,12564137,12564358	12.82
chr16,10479663,10480580	chr16,12656841,12657717	12.51
chr16,10479663,10480580	chr16,16875863,16876173	192.79
chr16,10479663,10480580	chr16,17015357,17016564	149.88
chr16,10479663,10480580	chr16,17246938,17247684	14.22
chr16,10479663,10480580	chr16,23488762,23489441	17.38
chr16,10479663,10480580	chr16,29582353,29584695	7.31
chr16,10479663,10480580	chr16,33671217,33671702	62.91
chr16,10479663,10480580	chr16,34122002,34123311	38.06
chr16,10479663,10480580	chr16,37033856,37034534	133.33
chr16,10479663,10480580	chr16,38125014,38125270	52.59
chr16,10479663,10480580	chr16,38959916,38960619	10.81
chr16,10479663,10480580	chr16,40331081,40332351	62.65
chr16,10479663,10480580	chr16,58730859,58731636	156.03
chr16,10479663,10480580	chr16,63437309,63437838	52.16
chr16,10479663,10480580	chr16,63504607,63507154	42.27
chr16,10479663,10480580	chr16,76344287,76344561	37.37
chr16,10479663,10480580	chr16,96706986,96707747	10.29
chr16,10479663,10480580	chr17,24953491,24953772	27.86
chr16,10479663,10480580	chr18,21107005,21107995	52.02
chr16,10479663,10480580	chr18,38202688,38203265	14.46
chr16,10479663,10480580	chr18,38661826,38662617	6.18
chr16,10479663,10480580	chr2,3247503,3247996	52.02
chr16,10479663,10480580	chr2,90744806,90745487	52.02
chr16,10479663,10480580	chr2,104869712,104870053	18.82
chr16,10479663,10480580	chr2,180611049,180611409	62.17
chr16,10479663,10480580	chr4,108359456,108360517	14.46
chr16,10479663,10480580	chr4,122938668,122938888	23.29
chr16,10479663,10480580	chr5,32392249,32394136	127.19
chr16,10479663,10480580	chr5,34973544,34974565	27.86
chr16,10479663,10480580	chr5,43813987,43814743	132.87
chr16,10479663,10480580	chr5,53353025,53353238	10.24
chr16,10479663,10480580	chr5,105529115,105529654	52.02
chr16,10479663,10480580	chr5,129690353,129691368	6.18
chr16,10479663,10480580	chr6,7077032,7077267	27.86
chr16,10479663,10480580	chr6,17589238,17590886	67.34
chr16,10479663,10480580	chr7,88180997,88181458	14.46
chr16,10479663,10480580	chr9,10074161,10074910	27.86
chr16,10479663,10480580	chrX,97084070,97084245	10.24
chr16,10479663,10480580	chrX,112689084,112690469	23.29
chr16,10486858,10489086	chr1,6881326,6881769	32.53
chr16,10486858,10489086	chr1,9515621,9515809	37.29
chr16,10486858,10489086	chr1,60659736,60659856	115.95
chr16,10486858,10489086	chr1,74081876,74082384	110.38
chr16,10486858,10489086	chr1,126556590,126556705	37.29
chr16,10486858,10489086	chr1,135690745,135691174	233.64
chr16,10486858,10489086	chr1,155865549,155866119	161.71
chr16,10486858,10489086	chr1,157069712,157069902	47.04
chr16,10486858,10489086	chr10,25188807,25189506	179.36
chr16,10486858,10489086	chr10,44902089,44903382	23.29
chr16,10486858,10489086	chr11,3194057,3194589	6.18
chr16,10486858,10489086	chr11,61913762,61915574	32.53
chr16,10486858,10489086	chr11,79688329,79688896	18.82
chr16,10486858,10489086	chr11,96016447,96016596	203.25
chr16,10486858,10489086	chr12,107824223,107824608	14.46
chr16,10486858,10489086	chr13,79075322,79075679	27.86
chr16,10486858,10489086	chr13,92115432,92115809	215.34
chr16,10486858,10489086	chr14,32189503,32189861	47.04
chr16,10486858,10489086	chr14,70087799,70088374	88.5
chr16,10486858,10489086	chr15,15308337,15309103	27.86
chr16,10486858,10489086	chr15,81775825,81776176	52.02
chr16,10486858,10489086	chr15,82394240,82394657	23.29
chr16,10486858,10489086	chr16,4108305,4108793	99.9
chr16,10486858,10489086	chr16,5701943,5702139	5.53
chr16,10486858,10489086	chr16,6206959,6207291	8.54
chr16,10486858,10489086	chr16,7793668,7793956	11.22
chr16,10486858,10489086	chr16,7859092,7859263	10.11
chr16,10486858,10489086	chr16,8167525,8167904	16.28
chr16,10486858,10489086	chr16,8468858,8469293	7.74
chr16,10486858,10489086	chr16,9243263,9244480	5.38
chr16,10486858,10489086	chr16,9441901,9442657	5.86
chr16,10486858,10489086	chr16,9556572,9556724	5.77
chr16,10486858,10489086	chr16,9934235,9934640	6.12
chr16,10486858,10489086	chr16,10002268,10002446	5.7
chr16,10486858,10489086	chr16,10109617,10109960	5.79
chr16,10486858,10489086	chr16,10276815,10277178	5.19
chr16,10486858,10489086	chr16,10277251,10277432	5.37
chr16,10486858,10489086	chr16,10290924,10291212	5.21
chr16,10486858,10489086	chr16,10387874,10387990	5.62
chr16,10486858,10489086	chr16,10708216,10708409	5.13
chr16,10486858,10489086	chr16,11066738,11067230	5.03
chr16,10486858,10489086	chr16,11103492,11104117	6.03
chr16,10486858,10489086	chr16,13264938,13265399	5.73
chr16,10486858,10489086	chr16,13634576,13634769	7.51
chr16,10486858,10489086	chr16,14129973,14130196	5.91
chr16,10486858,10489086	chr16,15065287,15066282	24.08
chr16,10486858,10489086	chr16,15428232,15428589	21.49
chr16,10486858,10489086	chr16,15787956,15788150	13.73
chr16,10486858,10489086	chr16,16946307,16946981	16.63
chr16,10486858,10489086	chr16,17248803,17248955	7.33
chr16,10486858,10489086	chr16,18373193,18373343	14.98
chr16,10486858,10489086	chr16,18889306,18889870	22.69
chr16,10486858,10489086	chr16,20685198,20686020	20.35
chr16,10486858,10489086	chr16,22478928,22479458	72.8
chr16,10486858,10489086	chr16,22891638,22891884	93.56
chr16,10486858,10489086	chr16,23435272,23435605	7.7
chr16,10486858,10489086	chr16,24170277,24170514	78.35
chr16,10486858,10489086	chr16,25036084,25036247	7.65
chr16,10486858,10489086	chr16,27042804,27043143	99.86
chr16,10486858,10489086	chr16,29118667,29119348	263.08
chr16,10486858,10489086	chr16,30621912,30622324	173.46
chr16,10486858,10489086	chr16,32279900,32280179	11.13
chr16,10486858,10489086	chr16,33301085,33302863	33.34
chr16,10486858,10489086	chr16,35242902,35243413	19.47
chr16,10486858,10489086	chr16,38398206,38398413	116.37
chr16,10486858,10489086	chr16,40261779,40262435	321.26
chr16,10486858,10489086	chr16,45733051,45733246	67.67
chr16,10486858,10489086	chr16,49774801,49775336	121.79
chr16,10486858,10489086	chr16,50530775,50531461	19.09
chr16,10486858,10489086	chr16,52044247,52044679	52.26
chr16,10486858,10489086	chr16,52386999,52387747	47.28
chr16,10486858,10489086	chr16,57438850,57439139	167.7
chr16,10486858,10489086	chr16,57738485,57739086	42.31
chr16,10486858,10489086	chr16,59537108,59537552	221.53
chr16,10486858,10489086	chr16,78034754,78034861	239.84
chr16,10486858,10489086	chr16,90336966,90337126	42.18
chr16,10486858,10489086	chr16,94167297,94168029	173.48
chr16,10486858,10489086	chr16,97823348,97826260	67.37
chr16,10486858,10489086	chr16,97923769,97924196	32.57
chr16,10486858,10489086	chr17,7592138,7592754	42.13
chr16,10486858,10489086	chr17,76037103,76037274	6.18
chr16,10486858,10489086	chr17,89350237,89350798	52.02
chr16,10486858,10489086	chr18,7657574,7658609	37.29
chr16,10486858,10489086	chr18,10310343,10310693	14.46
chr16,10486858,10489086	chr18,53380341,53380512	52.02
chr16,10486858,10489086	chr19,34595766,34596203	23.29
chr16,10486858,10489086	chr19,41932516,41932914	32.53
chr16,10486858,10489086	chr3,84634029,84635625	42.13
chr16,10486858,10489086	chr3,111865706,111866536	14.46
chr16,10486858,10489086	chr4,14928659,14928864	27.86
chr16,10486858,10489086	chr4,136326243,136326872	37.29
chr16,10486858,10489086	chr4,150304871,150305036	179.36
chr16,10486858,10489086	chr5,29017233,29017935	18.82
chr16,10486858,10489086	chr5,31766854,31769232	10.24
chr16,10486858,10489086	chr5,32594369,32595587	62.17
chr16,10486858,10489086	chr5,118802381,118802882	6.18
chr16,10486858,10489086	chr5,122135818,122136533	32.53
chr16,10486858,10489086	chr5,146829470,146829876	18.82
chr16,10486858,10489086	chr6,17519263,17519608	115.95
chr16,10486858,10489086	chr6,108191115,108191407	10.24
chr16,10486858,10489086	chr6,111718374,111718752	14.46
chr16,10486858,10489086	chr6,112384742,112384911	42.13
chr16,10486858,10489086	chr6,120158334,120158442	72.55
chr16,10486858,10489086	chr7,5935773,5936195	6.18
chr16,10486858,10489086	chr7,20063809,20064301	10.24
chr16,10486858,10489086	chr7,30775666,30775779	6.18
chr16,10486858,10489086	chr7,44346628,44347008	18.82
chr16,10486858,10489086	chr7,49445630,49446342	6.18
chr16,10486858,10489086	chr7,65765736,65765995	10.24
chr16,10486858,10489086	chr8,35953119,35953275	179.36
chr16,10486858,10489086	chr8,84076006,84076253	150.08
chr16,10486858,10489086	chr9,15097085,15097310	23.29
chr16,10486858,10489086	chr9,22392388,22393243	18.82
chr16,10486858,10489086	chr9,44492939,44493309	47.04
chr16,10486858,10489086	chr9,46349410,46351172	42.13
chr16,10486858,10489086	chr9,96161928,96162544	6.18
chr16,10486858,10489086	chrX,113609715,113609919	67.34
chr16,10486858,10489086	chrX,157645484,157646037	10.24
chr16,10489551,10489878	chr1,5023532,5024130	138.57
chr16,10489551,10489878	chr1,13134287,13135176	42.13
chr16,10489551,10489878	chr1,36474736,36475069	57.07
chr16,10489551,10489878	chr1,159594318,159594585	23.29
chr16,10489551,10489878	chr10,8778440,8779206	67.34
chr16,10489551,10489878	chr10,38721627,38721834	62.17
chr16,10489551,10489878	chr10,72456022,72456327	57.07
chr16,10489551,10489878	chr11,55397678,55398563	14.46
chr16,10489551,10489878	chr11,72525165,72526321	42.13
chr16,10489551,10489878	chr12,3705302,3706143	62.17
chr16,10489551,10489878	chr13,91093811,91093983	88.5
chr16,10489551,10489878	chr13,96433883,96434009	6.18
chr16,10489551,10489878	chr14,60197488,60197853	32.53
chr16,10489551,10489878	chr15,6484822,6485152	67.34
chr16,10489551,10489878	chr15,9529364,9529601	83.14
chr16,10489551,10489878	chr15,40722827,40723321	6.18
chr16,10489551,10489878	chr15,57888684,57890053	115.95
chr16,10489551,10489878	chr15,101970919,101971860	209.28
chr16,10489551,10489878	chr16,3850798,3851459	188.42
chr16,10489551,10489878	chr16,3963007,3964322	12.97
chr16,10489551,10489878	chr16,4600613,4600744	109.29
chr16,10489551,10489878	chr16,4632864,4632998	8.67
chr16,10489551,10489878	chr16,4821327,4821537	13.22
chr16,10489551,10489878	chr16,8199710,8200589	17.44
chr16,10489551,10489878	chr16,8522630,8523022	10.06
chr16,10489551,10489878	chr16,8534857,8535710	11.14
chr16,10489551,10489878	chr16,8613335,8614802	6.61
chr16,10489551,10489878	chr16,8672163,8672830	10.35
chr16,10489551,10489878	chr16,8790918,8791135	11.2
chr16,10489551,10489878	chr16,9543109,9544745	5.27
chr16,10489551,10489878	chr16,9762223,9762877	10.59
chr16,10489551,10489878	chr16,10215967,10216257	5.36
chr16,10489551,10489878	chr16,10240606,10241086	7
chr16,10489551,10489878	chr16,10271453,10271595	5.8
chr16,10489551,10489878	chr16,10368481,10369220	5.18
chr16,10489551,10489878	chr16,10396611,10397005	6.38
chr16,10489551,10489878	chr16,10446932,10447355	5.81
chr16,10489551,10489878	chr16,10461408,10461613	5.04
chr16,10489551,10489878	chr16,10511290,10512621	5.03
chr16,10489551,10489878	chr16,10523841,10524073	5
chr16,10489551,10489878	chr16,10531858,10532213	5
chr16,10489551,10489878	chr16,10536791,10537036	6.29
chr16,10489551,10489878	chr16,10550139,10550408	5.4
chr16,10489551,10489878	chr16,10652517,10652975	6.78
chr16,10489551,10489878	chr16,10775730,10776310	6.85
chr16,10489551,10489878	chr16,10792957,10793332	7.4
chr16,10489551,10489878	chr16,10828677,10830145	5.28
chr16,10489551,10489878	chr16,10944565,10944698	5.97
chr16,10489551,10489878	chr16,11248096,11248197	6.34
chr16,10489551,10489878	chr16,11647385,11648564	6.47
chr16,10489551,10489878	chr16,11808097,11808834	6.28
chr16,10489551,10489878	chr16,12037243,12037901	9.68
chr16,10489551,10489878	chr16,12393353,12395319	7.08
chr16,10489551,10489878	chr16,13366917,13367076	8.85
chr16,10489551,10489878	chr16,14200142,14201335	127.92
chr16,10489551,10489878	chr16,14319895,14321494	14.52
chr16,10489551,10489878	chr16,18196470,18196858	138.25
chr16,10489551,10489878	chr16,18673087,18674047	23.7
chr16,10489551,10489878	chr16,18974647,18975838	8.18
chr16,10489551,10489878	chr16,21928565,21929067	248.72
chr16,10489551,10489878	chr16,22398371,22398767	122.08
chr16,10489551,10489878	chr16,24038721,24039049	43.75
chr16,10489551,10489878	chr16,26794840,26795175	58.35
chr16,10489551,10489878	chr16,29713239,29713655	105.77
chr16,10489551,10489878	chr16,29778748,29779851	168.25
chr16,10489551,10489878	chr16,29943598,29944052	15.55
chr16,10489551,10489878	chr16,33995522,33996059	7
chr16,10489551,10489878	chr16,37408347,37409289	127.74
chr16,10489551,10489878	chr16,37677047,37677335	37.91
chr16,10489551,10489878	chr16,38644563,38645164	405.9
chr16,10489551,10489878	chr16,41445260,41445514	33.01
chr16,10489551,10489878	chr16,42912221,42912783	99.77
chr16,10489551,10489878	chr16,43315215,43316347	47.46
chr16,10489551,10489878	chr16,43654757,43655383	99.75
chr16,10489551,10489878	chr16,44523345,44523875	105.22
chr16,10489551,10489878	chr16,57304833,57305228	62.36
chr16,10489551,10489878	chr16,60616685,60617350	57.23
chr16,10489551,10489878	chr16,90370744,90371705	116
chr16,10489551,10489878	chr16,95799932,95800449	10.29
chr16,10489551,10489878	chr16,97462428,97462627	57.11
chr16,10489551,10489878	chr18,7920582,7920701	47.04
chr16,10489551,10489878	chr18,36265162,36265566	110.38
chr16,10489551,10489878	chr18,39088873,39089802	47.04
chr16,10489551,10489878	chr19,5486514,5486805	10.24
chr16,10489551,10489878	chr19,29775397,29775647	6.18
chr16,10489551,10489878	chr19,36445568,36449780	23.29
chr16,10489551,10489878	chr2,11450067,11450524	88.5
chr16,10489551,10489878	chr2,126519755,126520551	10.24
chr16,10489551,10489878	chr2,156286940,156287423	10.24
chr16,10489551,10489878	chr4,46148287,46148704	144.31
chr16,10489551,10489878	chr4,50138503,50138909	252.13
chr16,10489551,10489878	chr4,110982051,110982231	52.02
chr16,10489551,10489878	chr4,150207750,150208994	14.46
chr16,10489551,10489878	chr5,28662276,28662564	67.34
chr16,10489551,10489878	chr5,76153968,76154352	10.24
chr16,10489551,10489878	chr5,81724097,81724444	258.34
chr16,10489551,10489878	chr5,91203825,91204717	6.18
chr16,10489551,10489878	chr6,6474226,6475044	245.95
chr16,10489551,10489878	chr6,25766565,25767470	115.95
chr16,10489551,10489878	chr6,34320141,34320371	115.95
chr16,10489551,10489878	chr6,48751875,48752055	52.02
chr16,10489551,10489878	chr6,137500947,137501234	110.38
chr16,10489551,10489878	chr7,19463948,19464085	14.46
chr16,10489551,10489878	chr7,21130767,21131076	6.18
chr16,10489551,10489878	chr7,28050681,28051232	132.87
chr16,10489551,10489878	chr7,82311962,82312369	23.29
chr16,10489551,10489878	chr7,138407688,138407963	27.86
chr16,10489551,10489878	chr8,57432428,57432857	6.18
chr16,10489551,10489878	chr8,86600627,86601052	6.18
chr16,10489551,10489878	chr9,30401920,30402440	83.14
chr16,10489551,10489878	chr9,33470320,33470566	308.64
chr16,10489551,10489878	chr9,35533810,35534256	37.29
chr16,10489551,10489878	chr9,37567024,37567668	37.29
chr16,10489551,10489878	chr9,47283108,47283782	110.38
chr16,10489551,10489878	chr9,79238635,79238843	57.07
chr16,10489551,10489878	chr9,111790864,111791064	47.04
chr16,10489551,10489878	chrX,17376805,17377295	6.18
chr16,10489551,10489878	chrX,50765194,50765750	32.53
chr2,168766420,168767218	chr1,17617843,17618029	67.34
chr2,168766420,168767218	chr1,89799350,89799586	27.86
chr2,168766420,168767218	chr1,159411157,159412566	52.02
chr2,168766420,168767218	chr1,173861276,173861674	18.82
chr2,168766420,168767218	chr10,108428076,108428416	77.82
chr2,168766420,168767218	chr10,117135462,117137576	18.82
chr2,168766420,168767218	chr11,12916549,12917588	115.95
chr2,168766420,168767218	chr11,108665777,108666100	14.46
chr2,168766420,168767218	chr13,43920875,43921055	203.25
chr2,168766420,168767218	chr13,49567265,49568041	6.18
chr2,168766420,168767218	chr13,87917172,87918194	32.53
chr2,168766420,168767218	chr13,96095277,96097164	6.18
chr2,168766420,168767218	chr13,104296319,104297292	32.53
chr2,168766420,168767218	chr13,115129602,115129853	23.29
chr2,168766420,168767218	chr15,10567313,10567721	27.86
chr2,168766420,168767218	chr15,67942875,67944895	14.46
chr2,168766420,168767218	chr18,56482500,56482619	6.18
chr2,168766420,168767218	chr18,58840246,58840828	10.24
chr2,168766420,168767218	chr18,88958623,88959672	6.18
chr2,168766420,168767218	chr2,6599671,6600562	6.19
chr2,168766420,168767218	chr2,14718846,14719125	18.83
chr2,168766420,168767218	chr2,33027890,33028306	6.19
chr2,168766420,168767218	chr2,52437270,52437519	27.88
chr2,168766420,168767218	chr2,68277714,68278175	32.56
chr2,168766420,168767218	chr2,80030250,80030667	23.32
chr2,168766420,168767218	chr2,89511520,89512615	6.23
chr2,168766420,168767218	chr2,92992713,92993160	72.61
chr2,168766420,168767218	chr2,107853504,107854023	6.28
chr2,168766420,168767218	chr2,108070802,108072140	27.97
chr2,168766420,168767218	chr2,109963950,109964346	10.36
chr2,168766420,168767218	chr2,112670625,112671350	27.99
chr2,168766420,168767218	chr2,114147519,114148316	32.67
chr2,168766420,168767218	chr2,117392480,117392764	23.44
chr2,168766420,168767218	chr2,117772098,117773411	18.98
chr2,168766420,168767218	chr2,126550025,126550203	37.54
chr2,168766420,168767218	chr2,126645719,126647017	10.49
chr2,168766420,168767218	chr2,126655958,126656846	14.71
chr2,168766420,168767218	chr2,127428293,127428399	67.59
chr2,168766420,168767218	chr2,127846289,127847080	19.08
chr2,168766420,168767218	chr2,128205483,128206053	10.52
chr2,168766420,168767218	chr2,131856640,131857169	6.52
chr2,168766420,168767218	chr2,136661882,136662073	6.63
chr2,168766420,168767218	chr2,141613600,141614672	57.69
chr2,168766420,168767218	chr2,145312138,145312841	47.86
chr2,168766420,168767218	chr2,146252405,146253137	28.75
chr2,168766420,168767218	chr2,150132408,150132650	11.45
chr2,168766420,168767218	chr2,150135529,150136135	11.45
chr2,168766420,168767218	chr2,150362965,150363550	15.68
chr2,168766420,168767218	chr2,150988219,150988640	24.52
chr2,168766420,168767218	chr2,152189067,152190634	43.51
chr2,168766420,168767218	chr2,153406864,153408946	11.8
chr2,168766420,168767218	chr2,153908514,153908890	20.36
chr2,168766420,168767218	chr2,154001321,154002045	38.89
chr2,168766420,168767218	chr2,155788498,155788663	24.56
chr2,168766420,168767218	chr2,157595162,157596125	20.18
chr2,168766420,168767218	chr2,158009616,158009856	74.45
chr2,168766420,168767218	chr2,158751888,158752529	111.79
chr2,168766420,168767218	chr2,158907334,158908454	79.68
chr2,168766420,168767218	chr2,159316158,159316827	19.17
chr2,168766420,168767218	chr2,160080192,160081810	5.09
chr2,168766420,168767218	chr2,160416321,160416733	23.33
chr2,168766420,168767218	chr2,160704350,160704583	22.87
chr2,168766420,168767218	chr2,161673399,161673966	63.86
chr2,168766420,168767218	chr2,163103942,163105564	67.22
chr2,168766420,168767218	chr2,164012424,164013746	5.53
chr2,168766420,168767218	chr2,164030692,164031217	9.37
chr2,168766420,168767218	chr2,164420573,164421095	88.98
chr2,168766420,168767218	chr2,164772554,164773072	9.8
chr2,168766420,168767218	chr2,165055694,165055851	11.88
chr2,168766420,168767218	chr2,166887451,166887661	13.75
chr2,168766420,168767218	chr2,167693517,167694856	5.82
chr2,168766420,168767218	chr2,168309287,168309446	5.1
chr2,168766420,168767218	chr2,168337555,168338285	5.24
chr2,168766420,168767218	chr2,168374060,168374372	5.23
chr2,168766420,168767218	chr2,168455253,168455989	5.83
chr2,168766420,168767218	chr2,168480542,168480945	5.29
chr2,168766420,168767218	chr2,168649739,168650204	5.65
chr2,168766420,168767218	chr2,168655822,168656265	5.14
chr2,168766420,168767218	chr2,168873709,168874002	6.49
chr2,168766420,168767218	chr2,169078151,169079676	5.2
chr2,168766420,168767218	chr2,169532480,169532827	5.67
chr2,168766420,168767218	chr2,169564875,169565048	6.07
chr2,168766420,168767218	chr2,170138168,170138683	5.73
chr2,168766420,168767218	chr2,170929378,170930056	6.31
chr2,168766420,168767218	chr2,171115613,171116251	5.87
chr2,168766420,168767218	chr2,171341213,171341548	7.96
chr2,168766420,168767218	chr2,172289661,172290371	14.97
chr2,168766420,168767218	chr2,172429033,172429507	6.55
chr2,168766420,168767218	chr2,172897288,172898255	17.16
chr2,168766420,168767218	chr2,174555291,174555638	20.45
chr2,168766420,168767218	chr2,174864713,174865287	13.03
chr2,168766420,168767218	chr2,178093409,178094113	19.06
chr2,168766420,168767218	chr2,179787845,179788381	20.13
chr2,168766420,168767218	chr2,179822134,179822855	106.42
chr2,168766420,168767218	chr2,179978300,179978937	23.72
chr2,168766420,168767218	chr2,180124935,180125204	12.35
chr2,168766420,168767218	chr2,180756337,180756565	100.97
chr2,168766420,168767218	chr2,181447289,181447888	162.85
chr2,168766420,168767218	chr3,83855191,83855335	14.46
chr2,168766420,168767218	chr3,137027944,137029120	6.18
chr2,168766420,168767218	chr4,134498630,134499977	32.53
chr2,168766420,168767218	chr4,149074505,149075057	52.02
chr2,168766420,168767218	chr5,81660855,81661423	37.29
chr2,168766420,168767218	chr5,133786676,133787349	32.53
chr2,168766420,168767218	chr5,136239630,136240104	83.14
chr2,168766420,168767218	chr5,146134850,146136240	104.85
chr2,168766420,168767218	chr6,102642051,102642754	57.07
chr2,168766420,168767218	chr6,143292605,143292909	104.85
chr2,168766420,168767218	chr7,12734753,12734951	10.24
chr2,168766420,168767218	chr7,118874079,118874278	14.46
chr2,168766420,168767218	chr7,125517015,125517688	77.82
chr2,168766420,168767218	chr7,131281187,131281524	27.86
chr2,168766420,168767218	chr7,140398725,140400083	6.18
chr2,168766420,168767218	chr8,24651465,24651913	132.87
chr2,168766420,168767218	chrX,22282603,22282859	14.46
chr3,34648729,34650279	chr1,190451410,190451521	18.82
chr3,34648729,34650279	chr11,24764830,24765997	27.86
chr3,34648729,34650279	chr11,112280379,112280723	23.29
chr3,34648729,34650279	chr11,116579428,116579654	32.53
chr3,34648729,34650279	chr12,104851341,104851792	37.29
chr3,34648729,34650279	chr14,46566941,46568072	6.18
chr3,34648729,34650279	chr15,25425603,25426264	14.46
chr3,34648729,34650279	chr15,40786479,40786642	88.5
chr3,34648729,34650279	chr15,78812941,78813043	52.02
chr3,34648729,34650279	chr15,91577034,91577188	14.46
chr3,34648729,34650279	chr16,29586302,29586551	23.29
chr3,34648729,34650279	chr16,50103808,50104151	14.46
chr3,34648729,34650279	chr16,87796576,87796970	10.24
chr3,34648729,34650279	chr17,73154162,73154599	14.46
chr3,34648729,34650279	chr18,23168017,23168299	10.24
chr3,34648729,34650279	chr19,58926349,58926734	52.02
chr3,34648729,34650279	chr2,41013991,41014290	14.46
chr3,34648729,34650279	chr3,5852694,5853143	37.85
chr3,34648729,34650279	chr3,13916435,13917234	15.47
chr3,34648729,34650279	chr3,17150315,17151674	29.15
chr3,34648729,34650279	chr3,20628795,20630595	16.07
chr3,34648729,34650279	chr3,26164866,26165101	53.92
chr3,34648729,34650279	chr3,26581785,26581909	21.16
chr3,34648729,34650279	chr3,26652400,26652705	78.67
chr3,34648729,34650279	chr3,27701623,27703470	10.74
chr3,34648729,34650279	chr3,29790791,29793045	8.59
chr3,34648729,34650279	chr3,30518265,30519323	11.57
chr3,34648729,34650279	chr3,31387087,31387338	20.76
chr3,34648729,34650279	chr3,31408104,31408842	8.46
chr3,34648729,34650279	chr3,31413891,31414648	7.46
chr3,34648729,34650279	chr3,31721488,31721692	28.05
chr3,34648729,34650279	chr3,31816863,31816990	6.75
chr3,34648729,34650279	chr3,31860171,31861783	14.56
chr3,34648729,34650279	chr3,32355700,32356177	5.16
chr3,34648729,34650279	chr3,32532949,32533957	16.65
chr3,34648729,34650279	chr3,32583559,32583901	9.75
chr3,34648729,34650279	chr3,33409346,33409668	9.43
chr3,34648729,34650279	chr3,33867777,33868021	7.83
chr3,34648729,34650279	chr3,34002467,34002833	8.15
chr3,34648729,34650279	chr3,34149403,34150258	8.3
chr3,34648729,34650279	chr3,34399951,34400421	5.04
chr3,34648729,34650279	chr3,34421409,34421736	5.19
chr3,34648729,34650279	chr3,34484227,34484741	6.35
chr3,34648729,34650279	chr3,34575815,34576880	5.58
chr3,34648729,34650279	chr3,34619450,34619867	5.03
chr3,34648729,34650279	chr3,34775862,34776837	5.77
chr3,34648729,34650279	chr3,34914182,34914408	6.96
chr3,34648729,34650279	chr3,34955916,34956693	7.04
chr3,34648729,34650279	chr3,35107779,35107976	6.85
chr3,34648729,34650279	chr3,35486417,35486697	5.31
chr3,34648729,34650279	chr3,35720433,35720633	5.76
chr3,34648729,34650279	chr3,36432892,36433094	5.5
chr3,34648729,34650279	chr3,36649448,36649866	10.92
chr3,34648729,34650279	chr3,38564157,38564626	8.63
chr3,34648729,34650279	chr3,38674447,38674666	11.33
chr3,34648729,34650279	chr3,39483337,39483654	21.95
chr3,34648729,34650279	chr3,39502082,39503442	13.18
chr3,34648729,34650279	chr3,40421997,40422459	11.46
chr3,34648729,34650279	chr3,40855432,40856159	5.35
chr3,34648729,34650279	chr3,41603793,41603979	27.42
chr3,34648729,34650279	chr3,53659441,53659704	7.34
chr3,34648729,34650279	chr3,54735112,54735901	19.86
chr3,34648729,34650279	chr3,58471187,58471708	105.59
chr3,34648729,34650279	chr3,58480580,58481269	19.61
chr3,34648729,34650279	chr3,59278309,59279232	33.28
chr3,34648729,34650279	chr3,61292681,61293589	28.51
chr3,34648729,34650279	chr3,70307686,70308380	150.41
chr3,34648729,34650279	chr3,78271297,78271420	37.52
chr3,34648729,34650279	chr3,87495814,87496633	10.39
chr3,34648729,34650279	chr3,89658306,89658466	14.6
chr3,34648729,34650279	chr3,91207596,91207837	23.44
chr3,34648729,34650279	chr3,99136385,99136711	14.55
chr3,34648729,34650279	chr3,100840127,100840336	18.9
chr3,34648729,34650279	chr3,109420882,109421020	42.19
chr3,34648729,34650279	chr3,118020031,118020246	32.58
chr3,34648729,34650279	chr3,136320850,136320999	27.89
chr3,34648729,34650279	chr3,139866564,139867320	67.36
chr3,34648729,34650279	chr3,157608576,157609056	14.48
chr3,34648729,34650279	chr4,123579390,123579604	32.53
chr3,34648729,34650279	chr5,36766049,36766256	144.31
chr3,34648729,34650279	chr5,40119346,40119457	10.24
chr3,34648729,34650279	chr5,62557983,62559824	10.24
chr3,34648729,34650279	chr6,13774798,13775124	23.29
chr3,34648729,34650279	chr6,130950561,130950791	27.86
chr3,34648729,34650279	chr7,105520891,105521256	10.24
chr3,34648729,34650279	chr7,139254927,139255133	14.46
chr3,34648729,34650279	chr8,67765388,67766171	6.18
chr4,55531324,55531996	chr1,9887852,9888696	10.24
chr4,55531324,55531996	chr1,49709252,49710250	67.34
chr4,55531324,55531996	chr1,64258115,64258772	6.18
chr4,55531324,55531996	chr10,84843893,84844462	14.46
chr4,55531324,55531996	chr10,119135942,119136424	6.18
chr4,55531324,55531996	chr11,61510952,61511633	23.29
chr4,55531324,55531996	chr12,21347648,21348047	14.46
chr4,55531324,55531996	chr13,53301105,53301854	18.82
chr4,55531324,55531996	chr13,110037798,110038445	18.82
chr4,55531324,55531996	chr14,21741867,21742364	32.53
chr4,55531324,55531996	chr16,33180007,33180151	14.46
chr4,55531324,55531996	chr17,66649229,66649638	6.18
chr4,55531324,55531996	chr18,25934925,25935804	18.82
chr4,55531324,55531996	chr2,160700028,160701481	10.24
chr4,55531324,55531996	chr3,24430904,24431689	18.82
chr4,55531324,55531996	chr4,6866639,6867650	14.64
chr4,55531324,55531996	chr4,9416619,9416811	67.53
chr4,55531324,55531996	chr4,21695054,21695905	42.53
chr4,55531324,55531996	chr4,22360673,22360818	19.24
chr4,55531324,55531996	chr4,26286025,26286155	28.41
chr4,55531324,55531996	chr4,33217329,33217756	33.42
chr4,55531324,55531996	chr4,33521879,33522042	11.16
chr4,55531324,55531996	chr4,34872628,34873019	7.2
chr4,55531324,55531996	chr4,35335998,35336177	43.15
chr4,55531324,55531996	chr4,36397862,36400061	11.39
chr4,55531324,55531996	chr4,39410341,39410670	15.86
chr4,55531324,55531996	chr4,40715357,40716786	38.84
chr4,55531324,55531996	chr4,41270673,41271150	111.56
chr4,55531324,55531996	chr4,44102851,44103148	19.01
chr4,55531324,55531996	chr4,45605265,45605414	8.44
chr4,55531324,55531996	chr4,45841959,45842849	27.7
chr4,55531324,55531996	chr4,46522623,46523354	14.4
chr4,55531324,55531996	chr4,47904684,47904874	82.89
chr4,55531324,55531996	chr4,48038336,48038452	5.17
chr4,55531324,55531996	chr4,48047743,48047945	5.17
chr4,55531324,55531996	chr4,51458105,51458294	8.43
chr4,55531324,55531996	chr4,55393602,55394037	5.14
chr4,55531324,55531996	chr4,55641729,55641832	5.88
chr4,55531324,55531996	chr4,55664521,55664891	6.27
chr4,55531324,55531996	chr4,55715437,55716820	5.62
chr4,55531324,55531996	chr4,55735208,55736189	5.78
chr4,55531324,55531996	chr4,56293177,56293454	5.25
chr4,55531324,55531996	chr4,56980321,56980593	10.41
chr4,55531324,55531996	chr4,57345401,57345665	5.71
chr4,55531324,55531996	chr4,74353365,74353505	15.62
chr4,55531324,55531996	chr4,81635887,81636588	6.86
chr4,55531324,55531996	chr4,82393111,82393714	23.87
chr4,55531324,55531996	chr4,83263782,83265176	144.84
chr4,55531324,55531996	chr4,88232219,88232503	10.68
chr4,55531324,55531996	chr4,94266612,94267308	67.63
chr4,55531324,55531996	chr4,100752287,100752804	10.46
chr4,55531324,55531996	chr4,106367608,106369319	47.2
chr4,55531324,55531996	chr4,106372732,106373233	28.02
chr4,55531324,55531996	chr4,108873374,108873772	28.01
chr4,55531324,55531996	chr4,114580512,114580886	18.93
chr4,55531324,55531996	chr4,115011622,115012043	132.97
chr4,55531324,55531996	chr4,116711960,116712453	62.27
chr4,55531324,55531996	chr4,118015002,118015165	47.14
chr4,55531324,55531996	chr4,119339240,119339396	10.34
chr4,55531324,55531996	chr4,121590779,121591700	6.26
chr4,55531324,55531996	chr4,126982330,126982490	10.31
chr4,55531324,55531996	chr4,129478154,129478304	6.24
chr4,55531324,55531996	chr4,138912751,138913700	37.34
chr4,55531324,55531996	chr4,141792457,141792639	10.29
chr4,55531324,55531996	chr4,143245540,143246585	67.38
chr4,55531324,55531996	chr4,149222351,149222645	6.21
chr4,55531324,55531996	chr6,61327343,61328436	10.24
chr4,55531324,55531996	chr6,137130258,137130720	57.07
chr4,55531324,55531996	chr8,42124618,42125888	23.29
chr4,55531324,55531996	chr9,85342622,85343256	23.29
chr4,55531324,55531996	chr9,100503683,100504531	37.29
chr4,55531324,55531996	chrX,36676395,36676655	42.13
chr4,55531324,55531996	chrX,95049522,95049666	6.18
chr4,55531324,55531996	chrX,106030138,106030505	6.18
chr6,122339268,122340303	chr1,63872172,63872880	83.14
chr6,122339268,122340303	chr1,64302776,64304221	52.02
chr6,122339268,122340303	chr10,52248108,52248559	10.24
chr6,122339268,122340303	chr10,76883153,76884034	14.46
chr6,122339268,122340303	chr10,94012566,94012827	27.86
chr6,122339268,122340303	chr10,102385677,102386636	18.82
chr6,122339268,122340303	chr10,119150970,119151557	27.86
chr6,122339268,122340303	chr10,120244780,120245162	18.82
chr6,122339268,122340303	chr11,54168033,54169151	6.18
chr6,122339268,122340303	chr11,106433449,106433572	57.07
chr6,122339268,122340303	chr12,78316897,78318013	6.18
chr6,122339268,122340303	chr12,90915274,90915520	6.18
chr6,122339268,122340303	chr12,104008362,104008604	6.18
chr6,122339268,122340303	chr12,112653174,112653397	47.04
chr6,122339268,122340303	chr13,96292866,96292995	18.82
chr6,122339268,122340303	chr14,26787389,26787581	10.24
chr6,122339268,122340303	chr15,57089691,57089807	37.29
chr6,122339268,122340303	chr15,61528673,61529232	10.24
chr6,122339268,122340303	chr15,86512807,86513315	32.53
chr6,122339268,122340303	chr15,90213852,90214321	6.18
chr6,122339268,122340303	chr16,14350402,14351049	18.82
chr6,122339268,122340303	chr16,90526028,90526402	18.82
chr6,122339268,122340303	chr16,91040776,91041341	6.18
chr6,122339268,122340303	chr17,17539704,17540110	10.24
chr6,122339268,122340303	chr17,67290243,67290634	23.29
chr6,122339268,122340303	chr17,87086760,87086983	14.46
chr6,122339268,122340303	chr17,92351887,92352141	52.02
chr6,122339268,122340303	chr18,12175658,12175993	77.82
chr6,122339268,122340303	chr18,51911866,51914845	37.29
chr6,122339268,122340303	chr19,50318081,50318425	42.13
chr6,122339268,122340303	chr2,19105377,19105907	47.04
chr6,122339268,122340303	chr2,103139272,103139802	10.24
chr6,122339268,122340303	chr2,118851050,118851678	10.24
chr6,122339268,122340303	chr2,125036393,125036981	6.18
chr6,122339268,122340303	chr2,156716913,156718210	14.46
chr6,122339268,122340303	chr3,38234129,38234538	23.29
chr6,122339268,122340303	chr3,94473886,94474040	62.17
chr6,122339268,122340303	chr3,153603177,153603686	18.82
chr6,122339268,122340303	chr4,24842113,24842351	18.82
chr6,122339268,122340303	chr4,86812688,86812814	77.82
chr6,122339268,122340303	chr5,101645741,101645941	14.46
chr6,122339268,122340303	chr6,3477099,3477435	115.97
chr6,122339268,122340303	chr6,4972782,4973934	47.06
chr6,122339268,122340303	chr6,17303606,17303871	155.9
chr6,122339268,122340303	chr6,24923974,24924788	6.21
chr6,122339268,122340303	chr6,40247671,40248306	37.34
chr6,122339268,122340303	chr6,41075062,41076165	10.29
chr6,122339268,122340303	chr6,41180506,41181809	47.09
chr6,122339268,122340303	chr6,56876952,56877608	6.26
chr6,122339268,122340303	chr6,57095715,57097196	6.27
chr6,122339268,122340303	chr6,61247372,61247862	27.97
chr6,122339268,122340303	chr6,65470177,65470590	67.46
chr6,122339268,122340303	chr6,65970410,65970835	72.68
chr6,122339268,122340303	chr6,70589362,70590220	6.33
chr6,122339268,122340303	chr6,82640560,82640969	10.53
chr6,122339268,122340303	chr6,85904764,85904982	6.53
chr6,122339268,122340303	chr6,89089806,89090269	6.6
chr6,122339268,122340303	chr6,89431535,89431679	28.29
chr6,122339268,122340303	chr6,92253870,92254038	6.7
chr6,122339268,122340303	chr6,93890543,93891140	6.76
chr6,122339268,122340303	chr6,93896205,93896608	122.1
chr6,122339268,122340303	chr6,94794560,94794937	6.8
chr6,122339268,122340303	chr6,95204286,95205119	83.75
chr6,122339268,122340303	chr6,95713928,95714369	6.84
chr6,122339268,122340303	chr6,99214602,99214865	127.97
chr6,122339268,122340303	chr6,100875627,100878179	28.82
chr6,122339268,122340303	chr6,101093989,101094227	52.98
chr6,122339268,122340303	chr6,102455736,102456722	28.94
chr6,122339268,122340303	chr6,103156704,103157502	33.67
chr6,122339268,122340303	chr6,106491285,106493196	63.59
chr6,122339268,122340303	chr6,106758027,106758819	15.98
chr6,122339268,122340303	chr6,107033726,107034396	84.56
chr6,122339268,122340303	chr6,108814983,108815234	20.44
chr6,122339268,122340303	chr6,110554310,110554543	8.29
chr6,122339268,122340303	chr6,112980153,112981544	15.95
chr6,122339268,122340303	chr6,113327962,113328407	12.44
chr6,122339268,122340303	chr6,113439252,113439774	12.42
chr6,122339268,122340303	chr6,116234500,116234833	5.6
chr6,122339268,122340303	chr6,116902352,116902865	5.62
chr6,122339268,122340303	chr6,117706617,117708303	9.21
chr6,122339268,122340303	chr6,118603726,118603921	23.13
chr6,122339268,122340303	chr6,119079609,119079752	10.65
chr6,122339268,122340303	chr6,119377103,119377765	8.85
chr6,122339268,122340303	chr6,119777300,119778264	6.18
chr6,122339268,122340303	chr6,120669583,120669819	5.4
chr6,122339268,122340303	chr6,120776120,120777169	10.6
chr6,122339268,122340303	chr6,120822786,120823675	5.16
chr6,122339268,122340303	chr6,120912548,120912982	5.03
chr6,122339268,122340303	chr6,121059200,121059764	5.89
chr6,122339268,122340303	chr6,121061305,121061752	7.75
chr6,122339268,122340303	chr6,121178274,121178945	6.24
chr6,122339268,122340303	chr6,122307536,122307703	5.08
chr6,122339268,122340303	chr6,122374827,122375409	5.23
chr6,122339268,122340303	chr6,122740820,122740980	6.93
chr6,122339268,122340303	chr6,122782756,122783185	5.98
chr6,122339268,122340303	chr6,122849355,122850064	5.66
chr6,122339268,122340303	chr6,122856024,122856131	7.97
chr6,122339268,122340303	chr6,122894292,122894443	5.24
chr6,122339268,122340303	chr6,122974241,122974760	5.57
chr6,122339268,122340303	chr6,124105566,124106182	5.01
chr6,122339268,122340303	chr6,125131820,125132015	19.13
chr6,122339268,122340303	chr6,125492417,125492795	11.42
chr6,122339268,122340303	chr6,125539745,125539867	12.64
chr6,122339268,122340303	chr6,128104709,128106320	152.41
chr6,122339268,122340303	chr6,128598601,128599588	13.21
chr6,122339268,122340303	chr6,130379374,130379608	15.09
chr6,122339268,122340303	chr6,133660195,133660514	12.35
chr6,122339268,122340303	chr6,134257591,134258118	90.19
chr6,122339268,122340303	chr6,134829148,134829880	63.97
chr6,122339268,122340303	chr6,135297556,135297666	12.13
chr6,122339268,122340303	chr6,137531608,137532914	34.09
chr6,122339268,122340303	chr6,137919252,137920215	7.72
chr6,122339268,122340303	chr6,138077713,138078765	24.67
chr6,122339268,122340303	chr6,139578233,139578356	15.8
chr6,122339268,122340303	chr6,142288966,142290227	33.6
chr6,122339268,122340303	chr6,142510633,142510920	7.25
chr6,122339268,122340303	chr6,142996552,142997269	11.27
chr6,122339268,122340303	chr6,145332448,145333227	7.04
chr6,122339268,122340303	chr6,145345277,145345811	15.32
chr6,122339268,122340303	chr6,145544460,145545436	57.89
chr6,122339268,122340303	chr6,145839210,145840835	11.07
chr6,122339268,122340303	chr6,147048406,147048898	6.94
chr6,122339268,122340303	chr6,147452527,147452849	10.98
chr6,122339268,122340303	chr6,148211528,148211756	6.87
chr6,122339268,122340303	chr9,47080397,47080545	14.46
chr6,122339268,122340303	chrX,165666034,165666484	6.18
chr6,122707354,122707701	chr1,80621418,80621783	47.04
chr6,122707354,122707701	chr1,172362318,172362560	18.82
chr6,122707354,122707701	chr10,13712063,13713834	6.18
chr6,122707354,122707701	chr10,36811728,36812645	57.07
chr6,122707354,122707701	chr13,12313423,12314057	14.46
chr6,122707354,122707701	chr14,81920117,81920666	32.53
chr6,122707354,122707701	chr14,106268339,106268744	27.86
chr6,122707354,122707701	chr14,121508184,121508418	14.46
chr6,122707354,122707701	chr16,80587176,80588142	18.82
chr6,122707354,122707701	chr17,55159859,55160769	18.82
chr6,122707354,122707701	chr17,63805054,63805908	67.34
chr6,122707354,122707701	chr3,152024493,152025692	37.29
chr6,122707354,122707701	chr4,48128834,48129422	27.86
chr6,122707354,122707701	chr4,75975163,75975456	14.46
chr6,122707354,122707701	chr4,79743081,79743682	14.46
chr6,122707354,122707701	chr6,6883399,6883904	42.15
chr6,122707354,122707701	chr6,8319937,8320114	18.84
chr6,122707354,122707701	chr6,17088299,17089017	14.49
chr6,122707354,122707701	chr6,31357694,31358176	14.5
chr6,122707354,122707701	chr6,32512697,32512859	77.86
chr6,122707354,122707701	chr6,48460722,48460840	10.31
chr6,122707354,122707701	chr6,54035878,54036383	14.54
chr6,122707354,122707701	chr6,62932802,62933478	18.93
chr6,122707354,122707701	chr6,72244237,72244467	14.63
chr6,122707354,122707701	chr6,74643541,74643978	10.43
chr6,122707354,122707701	chr6,74689354,74690594	6.36
chr6,122707354,122707701	chr6,80368134,80369618	6.43
chr6,122707354,122707701	chr6,82527241,82527434	28.14
chr6,122707354,122707701	chr6,83070771,83071677	10.53
chr6,122707354,122707701	chr6,84953241,84953877	47.36
chr6,122707354,122707701	chr6,91395013,91395383	6.66
chr6,122707354,122707701	chr6,92228889,92230087	6.69
chr6,122707354,122707701	chr6,96128628,96128925	6.84
chr6,122707354,122707701	chr6,98514181,98514535	6.97
chr6,122707354,122707701	chr6,100445396,100446721	19.72
chr6,122707354,122707701	chr6,102730527,102731301	15.55
chr6,122707354,122707701	chr6,105017875,105018750	11.54
chr6,122707354,122707701	chr6,107478348,107478476	11.83
chr6,122707354,122707701	chr6,108075104,108075411	34.18
chr6,122707354,122707701	chr6,109558392,109558957	12.13
chr6,122707354,122707701	chr6,113874215,113874613	12.75
chr6,122707354,122707701	chr6,115355113,115355395	15.53
chr6,122707354,122707701	chr6,116958059,116958493	8.93
chr6,122707354,122707701	chr6,117554046,117554639	24.46
chr6,122707354,122707701	chr6,117711802,117712306	18.31
chr6,122707354,122707701	chr6,118011070,118011641	10.27
chr6,122707354,122707701	chr6,118181957,118182151	11.84
chr6,122707354,122707701	chr6,118409525,118409845	16.42
chr6,122707354,122707701	chr6,118994794,118994926	8.87
chr6,122707354,122707701	chr6,121247579,121249041	11.33
chr6,122707354,122707701	chr6,121565412,121565989	7.19
chr6,122707354,122707701	chr6,121627760,121627890	7.01
chr6,122707354,122707701	chr6,122367874,122368210	6.55
chr6,122707354,122707701	chr6,122411912,122413033	6.34
chr6,122707354,122707701	chr6,122414041,122414401	5.42
chr6,122707354,122707701	chr6,122522138,122522665	5.04
chr6,122707354,122707701	chr6,122632725,122633285	5.08
chr6,122707354,122707701	chr6,122644695,122645283	6.22
chr6,122707354,122707701	chr6,122668157,122668936	5.06
chr6,122707354,122707701	chr6,122677616,122677807	5.06
chr6,122707354,122707701	chr6,123114303,123114450	5.65
chr6,122707354,122707701	chr6,123216206,123216773	5.2
chr6,122707354,122707701	chr6,123293940,123294094	7.82
chr6,122707354,122707701	chr6,123294897,123296798	9.91
chr6,122707354,122707701	chr6,123655515,123655934	5.02
chr6,122707354,122707701	chr6,123891211,123891756	7.32
chr6,122707354,122707701	chr6,124106386,124107343	5.52
chr6,122707354,122707701	chr6,125302212,125302713	5.97
chr6,122707354,122707701	chr6,128132529,128132726	5.89
chr6,122707354,122707701	chr6,128974438,128975268	5.75
chr6,122707354,122707701	chr6,132454344,132454527	20.33
chr6,122707354,122707701	chr6,135234090,135234729	29.83
chr6,122707354,122707701	chr6,143529570,143529737	7.2
chr6,122707354,122707701	chr6,145600430,145600656	7.05
chr6,122707354,122707701	chr6,148710598,148710948	47.72
chr6,122707354,122707701	chr7,68622593,68623759	6.18
chr6,122707354,122707701	chr7,113897602,113897856	23.29
chr6,122707354,122707701	chr8,56501480,56501809	6.18
chr8,72317488,72319340	chr10,18575802,18576223	47.04
chr8,72317488,72319340	chr11,29222669,29222999	47.04
chr8,72317488,72319340	chr11,54168033,54169151	23.29
chr8,72317488,72319340	chr11,85506556,85506666	6.18
chr8,72317488,72319340	chr11,97418232,97418407	57.07
chr8,72317488,72319340	chr11,113455044,113456548	6.18
chr8,72317488,72319340	chr11,120889389,120889839	10.24
chr8,72317488,72319340	chr12,83558739,83559832	23.29
chr8,72317488,72319340	chr12,119274378,119278365	42.13
chr8,72317488,72319340	chr13,63854817,63855040	10.24
chr8,72317488,72319340	chr13,99020282,99022690	18.82
chr8,72317488,72319340	chr13,102350765,102351118	10.24
chr8,72317488,72319340	chr16,18008002,18009480	14.46
chr8,72317488,72319340	chr16,71620426,71621479	104.85
chr8,72317488,72319340	chr16,95437725,95438272	110.38
chr8,72317488,72319340	chr17,28531033,28531363	23.29
chr8,72317488,72319340	chr17,74714743,74714910	14.46
chr8,72317488,72319340	chr19,20717640,20719207	27.86
chr8,72317488,72319340	chr19,45096380,45098906	10.24
chr8,72317488,72319340	chr2,10297165,10297495	47.04
chr8,72317488,72319340	chr2,11389767,11390235	6.18
chr8,72317488,72319340	chr2,55490616,55490971	62.17
chr8,72317488,72319340	chr2,94051403,94052031	6.18
chr8,72317488,72319340	chr2,136508962,136509526	52.02
chr8,72317488,72319340	chr2,156778668,156778922	10.24
chr8,72317488,72319340	chr2,167930154,167930281	144.31
chr8,72317488,72319340	chr3,41737092,41737318	6.18
chr8,72317488,72319340	chr4,8800005,8800113	215.34
chr8,72317488,72319340	chr4,82372159,82372482	10.24
chr8,72317488,72319340	chr4,88995623,88995903	6.18
chr8,72317488,72319340	chr4,95701888,95702149	10.24
chr8,72317488,72319340	chr5,34924428,34925067	37.29
chr8,72317488,72319340	chr5,122449859,122450517	83.14
chr8,72317488,72319340	chr5,135867977,135868338	191.25
chr8,72317488,72319340	chr6,83796072,83796951	155.88
chr8,72317488,72319340	chr6,115876474,115877275	27.86
chr8,72317488,72319340	chr6,119447846,119448808	32.53
chr8,72317488,72319340	chr6,129093262,129093498	32.53
chr8,72317488,72319340	chr6,145185397,145185588	110.38
chr8,72317488,72319340	chr7,23892272,23894394	18.82
chr8,72317488,72319340	chr7,140049628,140049820	83.14
chr8,72317488,72319340	chr7,143387826,143388631	10.24
chr8,72317488,72319340	chr8,5964680,5965691	52.1
chr8,72317488,72319340	chr8,8047040,8047285	52.11
chr8,72317488,72319340	chr8,11655174,11655807	27.97
chr8,72317488,72319340	chr8,12999179,12999465	83.24
chr8,72317488,72319340	chr8,13495772,13496183	62.28
chr8,72317488,72319340	chr8,13952673,13953167	42.24
chr8,72317488,72319340	chr8,35105897,35106489	6.51
chr8,72317488,72319340	chr8,60723814,60723960	184.67
chr8,72317488,72319340	chr8,60752769,60752979	27.29
chr8,72317488,72319340	chr8,61417370,61418065	26.55
chr8,72317488,72319340	chr8,67273309,67273488	8.19
chr8,72317488,72319340	chr8,68793603,68794105	5.26
chr8,72317488,72319340	chr8,69240187,69240737	11.58
chr8,72317488,72319340	chr8,70181588,70181949	11.6
chr8,72317488,72319340	chr8,71633041,71633183	5.16
chr8,72317488,72319340	chr8,71857339,71857617	5.16
chr8,72317488,72319340	chr8,72096617,72096940	5.99
chr8,72317488,72319340	chr8,72152392,72153922	5.93
chr8,72317488,72319340	chr8,72176430,72176655	5.84
chr8,72317488,72319340	chr8,72208077,72208339	6.18
chr8,72317488,72319340	chr8,72252259,72253219	5.38
chr8,72317488,72319340	chr8,72354487,72354613	5.15
chr8,72317488,72319340	chr8,72373503,72373684	5.01
chr8,72317488,72319340	chr8,72459585,72461570	6.45
chr8,72317488,72319340	chr8,72483334,72483492	5.88
chr8,72317488,72319340	chr8,72591313,72591418	6.17
chr8,72317488,72319340	chr8,72654221,72654557	5.22
chr8,72317488,72319340	chr8,74291387,74291734	8.57
chr8,72317488,72319340	chr8,74688423,74688654	6.71
chr8,72317488,72319340	chr8,79050536,79050697	7.8
chr8,72317488,72319340	chr8,82145918,82146316	44.1
chr8,72317488,72319340	chr8,83955259,83955902	116.77
chr8,72317488,72319340	chr8,84810371,84811013	8.11
chr8,72317488,72319340	chr8,85442718,85442972	48.71
chr8,72317488,72319340	chr8,85487649,85488303	79.24
chr8,72317488,72319340	chr8,87955558,87956709	48.45
chr8,72317488,72319340	chr8,90110732,90111449	43.35
chr8,72317488,72319340	chr8,91149229,91149384	58.17
chr8,72317488,72319340	chr8,95927947,95928588	62.95
chr8,72317488,72319340	chr8,104392274,104392697	57.51
chr8,72317488,72319340	chr8,104775970,104777952	88.92
chr8,72317488,72319340	chr8,105078294,105079486	32.96
chr8,72317488,72319340	chr8,107451917,107452040	57.43
chr8,72317488,72319340	chr8,110599297,110599805	23.63
chr8,72317488,72319340	chr8,110662029,110662688	23.63
chr8,72317488,72319340	chr8,113651853,113652980	6.44
chr8,72317488,72319340	chr8,115101660,115102137	6.42
chr8,72317488,72319340	chr8,116149044,116149204	47.27
chr8,72317488,72319340	chr8,116301482,116303043	28.09
chr8,72317488,72319340	chr8,119531095,119531774	10.44
chr8,72317488,72319340	chr8,120494940,120496299	88.68
chr8,72317488,72319340	chr8,123986367,123986644	42.28
chr8,72317488,72319340	chr8,124563398,124564124	14.61
chr8,72317488,72319340	chr8,125835364,125835625	32.67
chr8,72317488,72319340	chr8,126152961,126153527	6.32
chr8,72317488,72319340	chr9,61142631,61143126	88.5
chr8,72317488,72319340	chr9,64932810,64933607	27.86
chr8,72317488,72319340	chr9,109095580,109095725	42.13
chr8,72317488,72319340	chr9,118479526,118479779	6.18
chr8,72317488,72319340	chrX,84070249,84070539	23.29
chr8,72317488,72319340	chrX,113831838,113831974	57.07
chr8,72317488,72319340	chrX,154445953,154446064	57.07
chr9,78368132,78368522	chr1,104950777,104951027	14.46
chr9,78368132,78368522	chr10,113070597,113070832	6.18
chr9,78368132,78368522	chr10,125758822,125759216	14.46
chr9,78368132,78368522	chr11,95388545,95389236	6.18
chr9,78368132,78368522	chr13,25074032,25074430	93.91
chr9,78368132,78368522	chr13,44474103,44474358	23.29
chr9,78368132,78368522	chr14,47161900,47162085	14.46
chr9,78368132,78368522	chr14,93654620,93655669	23.29
chr9,78368132,78368522	chr14,98949745,98950385	32.53
chr9,78368132,78368522	chr15,5597735,5599070	32.53
chr9,78368132,78368522	chr15,60408696,60408934	42.13
chr9,78368132,78368522	chr15,98758123,98758849	6.18
chr9,78368132,78368522	chr16,91775039,91775488	52.02
chr9,78368132,78368522	chr18,89919484,89920944	37.29
chr9,78368132,78368522	chr2,75735439,75736959	6.18
chr9,78368132,78368522	chr2,120591169,120591438	14.46
chr9,78368132,78368522	chr3,89034982,89035852	6.18
chr9,78368132,78368522	chr3,90710448,90712038	37.29
chr9,78368132,78368522	chr3,130155998,130156665	6.18
chr9,78368132,78368522	chr3,147117417,147118503	14.46
chr9,78368132,78368522	chr4,105675083,105675798	47.04
chr9,78368132,78368522	chr5,121932864,121932986	23.29
chr9,78368132,78368522	chr6,5144088,5144675	37.29
chr9,78368132,78368522	chr7,101135564,101136247	18.82
chr9,78368132,78368522	chr8,64966116,64966371	47.04
chr9,78368132,78368522	chr9,21862296,21863526	6.3
chr9,78368132,78368522	chr9,23792415,23792698	10.38
chr9,78368132,78368522	chr9,33849629,33850367	19.04
chr9,78368132,78368522	chr9,40328461,40329188	10.56
chr9,78368132,78368522	chr9,40513480,40514050	10.56
chr9,78368132,78368522	chr9,46632745,46633583	10.71
chr9,78368132,78368522	chr9,46897309,46897816	47.51
chr9,78368132,78368522	chr9,47236726,47237442	99.83
chr9,78368132,78368522	chr9,47651258,47651541	6.68
chr9,78368132,78368522	chr9,56622964,56623687	68.26
chr9,78368132,78368522	chr9,57562864,57563823	43.14
chr9,78368132,78368522	chr9,62994148,62995232	24.81
chr9,78368132,78368522	chr9,67693399,67693683	8.54
chr9,78368132,78368522	chr9,71735572,71735909	5.7
chr9,78368132,78368522	chr9,73461467,73461995	11.02
chr9,78368132,78368522	chr9,74963827,74964589	10.28
chr9,78368132,78368522	chr9,76777856,76778354	5.6
chr9,78368132,78368522	chr9,78037119,78037328	6.39
chr9,78368132,78368522	chr9,78094717,78095192	5.67
chr9,78368132,78368522	chr9,78238198,78238815	5.02
chr9,78368132,78368522	chr9,78501251,78501826	5.25
chr9,78368132,78368522	chr9,78507748,78508286	5.48
chr9,78368132,78368522	chr9,78514750,78515314	5.29
chr9,78368132,78368522	chr9,94587760,94588954	20.27
chr9,78368132,78368522	chr9,99379627,99379964	11.25
chr9,78368132,78368522	chr9,101976920,101977973	11.07
chr9,78368132,78368522	chr9,106029800,106030159	6.79
chr9,78368132,78368522	chr9,114384730,114385015	6.53
chr9,78368132,78368522	chr9,119759797,119760178	37.55
