chr1,118628128,118629090	chr1,62129457,62129709	18.93
chr1,118628128,118629090	chr1,67085396,67086398	10.39
chr1,118628128,118629090	chr1,91561762,91562238	73.15
chr1,118628128,118629090	chr1,92418616,92419520	37.95
chr1,118628128,118629090	chr1,96930821,96931080	15.4
chr1,118628128,118629090	chr1,105250573,105251425	48.87
chr1,118628128,118629090	chr1,106680369,106681419	25.39
chr1,118628128,118629090	chr1,110538295,110538547	9.21
chr1,118628128,118629090	chr1,112896798,112896967	9.96
chr1,118628128,118629090	chr1,113938307,113941051	24.67
chr1,118628128,118629090	chr1,118461656,118461816	5
chr1,118628128,118629090	chr1,118741830,118742333	5.16
chr1,118628128,118629090	chr1,119046057,119046445	7.67
chr1,118628128,118629090	chr1,119077700,119078446	5.52
chr1,118628128,118629090	chr1,119891067,119891375	5.33
chr1,118628128,118629090	chr1,119920871,119922603	6.22
chr1,118628128,118629090	chr1,121216685,121217198	26.35
chr1,118628128,118629090	chr1,122210974,122211553	119.07
chr1,118628128,118629090	chr1,124712689,124712994	6.02
chr1,118628128,118629090	chr1,127853975,127854189	5.02
chr1,118628128,118629090	chr1,128739873,128740087	8.68
chr1,118628128,118629090	chr1,134038000,134038119	7.75
chr1,118628128,118629090	chr1,136650532,136650931	15.72
chr1,118628128,118629090	chr1,138137004,138138036	15.58
chr1,118628128,118629090	chr1,145544134,145544371	15.1
chr1,118628128,118629090	chr1,146302879,146303347	19.42
chr1,118628128,118629090	chr1,153950909,153951205	52.36
chr1,118628128,118629090	chr1,157203500,157204175	6.48
chr1,118628128,118629090	chr1,157400874,157401042	6.47
chr1,118628128,118629090	chr1,161448985,161450502	6.41
chr1,118628128,118629090	chr1,166120068,166120539	10.42
chr1,118628128,118629090	chr1,169583037,169583492	23.44
chr1,118628128,118629090	chr1,194117644,194117947	57.1
chr1,118628128,118629090	chr10,42182668,42183932	6.17
chr1,118628128,118629090	chr12,102383261,102384568	14.45
chr1,118628128,118629090	chr12,106140561,106141046	14.45
chr1,118628128,118629090	chr13,96768244,96769309	23.27
chr1,118628128,118629090	chr13,103042113,103042798	18.8
chr1,118628128,118629090	chr15,101105105,101106488	10.23
chr1,118628128,118629090	chr17,84399487,84399741	14.45
chr1,118628128,118629090	chr19,40927931,40928313	6.17
chr1,118628128,118629090	chr3,65270939,65271299	14.45
chr1,118628128,118629090	chr3,99870993,99871100	6.17
chr1,118628128,118629090	chr6,104402500,104402847	6.17
chr1,118628128,118629090	chr8,15424101,15424205	10.23
chr11,100938874,100939386	chr1,57263709,57264419	18.8
chr11,100938874,100939386	chr10,68444370,68445217	6.17
chr11,100938874,100939386	chr11,61266957,61268015	14.74
chr11,100938874,100939386	chr11,68036375,68036571	28.27
chr11,100938874,100939386	chr11,70692331,70692679	14.96
chr11,100938874,100939386	chr11,76182217,76184464	47.76
chr11,100938874,100939386	chr11,76674761,76676077	11.01
chr11,100938874,100939386	chr11,78914275,78914456	78.67
chr11,100938874,100939386	chr11,86416115,86416952	53.6
chr11,100938874,100939386	chr11,87082646,87083002	20.51
chr11,100938874,100939386	chr11,90668130,90668451	128.58
chr11,100938874,100939386	chr11,95581231,95582216	8.61
chr11,100938874,100939386	chr11,97246957,97247551	5.42
chr11,100938874,100939386	chr11,98110559,98110769	12.68
chr11,100938874,100939386	chr11,98119305,98119860	16.82
chr11,100938874,100939386	chr11,99526823,99527888	7.11
chr11,100938874,100939386	chr11,99665219,99666706	6.68
chr11,100938874,100939386	chr11,100490770,100490966	5.22
chr11,100938874,100939386	chr11,100868104,100868586	5.03
chr11,100938874,100939386	chr11,100877457,100877708	5.12
chr11,100938874,100939386	chr11,101114134,101114571	5.74
chr11,100938874,100939386	chr11,101122875,101123015	5.54
chr11,100938874,100939386	chr11,101204893,101205896	5.8
chr11,100938874,100939386	chr11,109739478,109739804	22.7
chr11,100938874,100939386	chr11,113808671,113808813	58.85
chr11,100938874,100939386	chr11,115641951,115642302	74.06
chr11,100938874,100939386	chr11,116337666,116338192	7.74
chr11,100938874,100939386	chr11,121595701,121595859	19.82
chr11,100938874,100939386	chr12,78230130,78230376	14.45
chr11,100938874,100939386	chr12,87395719,87396329	6.17
chr11,100938874,100939386	chr14,106045063,106046150	27.84
chr11,100938874,100939386	chr15,75950973,75951277	6.17
chr11,100938874,100939386	chr15,89167210,89168240	27.84
chr11,100938874,100939386	chr15,98664082,98664623	10.23
chr11,100938874,100939386	chr16,14370196,14371900	88.46
chr11,100938874,100939386	chr16,50891067,50891500	37.27
chr11,100938874,100939386	chr18,24504689,24505291	23.27
chr11,100938874,100939386	chr2,30405736,30406587	18.8
chr11,100938874,100939386	chr2,57873808,57874137	6.17
chr11,100938874,100939386	chr2,170976568,170977246	6.17
chr11,100938874,100939386	chr3,17736634,17737187	6.17
chr11,100938874,100939386	chr3,102567954,102568594	23.27
chr11,100938874,100939386	chr3,118583921,118584622	6.17
chr11,100938874,100939386	chr4,34869153,34869849	18.8
chr11,100938874,100939386	chr4,103284098,103284521	6.17
chr11,100938874,100939386	chr4,107171143,107172445	42.1
chr11,100938874,100939386	chr4,116310675,116311241	18.8
chr11,100938874,100939386	chr4,133167181,133167807	6.17
chr11,100938874,100939386	chr5,34883054,34883213	37.27
chr11,100938874,100939386	chr5,103310993,103313632	93.86
chr11,100938874,100939386	chr5,137355098,137355534	42.1
chr11,100938874,100939386	chr6,58498316,58498547	23.27
chr11,100938874,100939386	chr6,148802278,148803838	62.14
chr11,100938874,100939386	chr7,16534154,16534849	6.17
chr11,100938874,100939386	chr7,129529483,129529923	10.23
chr11,100938874,100939386	chr8,80515409,80515542	10.23
chr11,100938874,100939386	chr8,119839262,119839897	37.27
chr11,100938874,100939386	chr9,57972005,57973184	6.17
chr11,100938874,100939386	chr9,59390909,59391374	6.17
chr12,86419274,86422913	chr1,89294265,89294662	72.51
chr12,86419274,86422913	chr1,133412673,133413080	18.8
chr12,86419274,86422913	chr1,186768508,186768735	37.27
chr12,86419274,86422913	chr10,66902922,66904431	57.03
chr12,86419274,86422913	chr11,4977176,4977499	10.23
chr12,86419274,86422913	chr11,42292633,42292987	27.84
chr12,86419274,86422913	chr11,59136621,59137196	179.28
chr12,86419274,86422913	chr11,70644764,70645086	138.51
chr12,86419274,86422913	chr11,108752598,108753679	14.45
chr12,86419274,86422913	chr12,4158994,4159297	14.5
chr12,86419274,86422913	chr12,5325147,5325375	18.85
chr12,86419274,86422913	chr12,5835981,5836299	6.22
chr12,86419274,86422913	chr12,10213963,10214262	67.35
chr12,86419274,86422913	chr12,14918600,14919018	18.87
chr12,86419274,86422913	chr12,18284344,18285710	67.37
chr12,86419274,86422913	chr12,26237349,26237498	18.91
chr12,86419274,86422913	chr12,28373946,28374603	18.92
chr12,86419274,86422913	chr12,32050290,32051390	18.94
chr12,86419274,86422913	chr12,40827691,40828140	62.34
chr12,86419274,86422913	chr12,44552025,44552488	37.51
chr12,86419274,86422913	chr12,45356458,45358425	78.03
chr12,86419274,86422913	chr12,49422673,49423399	156.08
chr12,86419274,86422913	chr12,52698999,52702315	105.16
chr12,86419274,86422913	chr12,54315851,54316346	42.54
chr12,86419274,86422913	chr12,56536473,56536710	19.31
chr12,86419274,86422913	chr12,57355693,57355822	191.55
chr12,86419274,86422913	chr12,57445350,57446508	62.66
chr12,86419274,86422913	chr12,62217420,62218550	68
chr12,86419274,86422913	chr12,62421408,62421691	52.73
chr12,86419274,86422913	chr12,64713370,64713696	78.59
chr12,86419274,86422913	chr12,67731579,67732664	19.84
chr12,86419274,86422913	chr12,69419941,69420454	33.78
chr12,86419274,86422913	chr12,69644904,69645040	239.29
chr12,86419274,86422913	chr12,70547293,70548009	19.77
chr12,86419274,86422913	chr12,70655928,70656790	23.57
chr12,86419274,86422913	chr12,70685898,70686301	19.75
chr12,86419274,86422913	chr12,73549151,73549707	15.45
chr12,86419274,86422913	chr12,74768011,74768475	11.72
chr12,86419274,86422913	chr12,75766162,75766305	19.74
chr12,86419274,86422913	chr12,77585230,77587547	19.81
chr12,86419274,86422913	chr12,79785030,79785535	8.95
chr12,86419274,86422913	chr12,80526622,80526923	9.85
chr12,86419274,86422913	chr12,80615255,80615454	11.31
chr12,86419274,86422913	chr12,81313395,81313952	16.91
chr12,86419274,86422913	chr12,82586540,82586728	6.93
chr12,86419274,86422913	chr12,82711162,82711467	6.74
chr12,86419274,86422913	chr12,83135866,83136081	5.24
chr12,86419274,86422913	chr12,83242520,83243222	25.2
chr12,86419274,86422913	chr12,84268361,84270718	5.92
chr12,86419274,86422913	chr12,84745669,84746055	5.95
chr12,86419274,86422913	chr12,85919529,85920489	5.67
chr12,86419274,86422913	chr12,86070287,86070653	5.5
chr12,86419274,86422913	chr12,86088574,86089024	5.06
chr12,86419274,86422913	chr12,86186878,86187084	5.33
chr12,86419274,86422913	chr12,86493131,86493524	5.39
chr12,86419274,86422913	chr12,86539143,86539311	5.05
chr12,86419274,86422913	chr12,86554604,86554812	5.15
chr12,86419274,86422913	chr12,86592790,86592962	5.23
chr12,86419274,86422913	chr12,86728520,86728898	6.09
chr12,86419274,86422913	chr12,87018481,87018993	5.16
chr12,86419274,86422913	chr12,87304157,87304396	5.15
chr12,86419274,86422913	chr12,89041754,89041874	6.98
chr12,86419274,86422913	chr12,91018527,91018707	15.32
chr12,86419274,86422913	chr12,91138851,91140175	99.74
chr12,86419274,86422913	chr12,91430075,91430648	26.86
chr12,86419274,86422913	chr12,94861821,94861980	10.41
chr12,86419274,86422913	chr12,95129885,95130603	26.17
chr12,86419274,86422913	chr12,96441052,96441371	23.94
chr12,86419274,86422913	chr12,98243152,98244035	58.41
chr12,86419274,86422913	chr12,98694619,98695602	21.32
chr12,86419274,86422913	chr12,102986000,102986577	48.26
chr12,86419274,86422913	chr12,103018337,103018508	68.43
chr12,86419274,86422913	chr12,103132481,103132922	33.81
chr12,86419274,86422913	chr12,104146163,104146532	84.09
chr12,86419274,86422913	chr12,104238380,104238624	7.43
chr12,86419274,86422913	chr12,104277493,104278776	203.34
chr12,86419274,86422913	chr12,104779674,104780198	84.06
chr12,86419274,86422913	chr12,105983558,105983682	53
chr12,86419274,86422913	chr12,106671756,106672098	11.26
chr12,86419274,86422913	chr12,108373145,108374608	68.12
chr12,86419274,86422913	chr12,108468135,108468337	15.34
chr12,86419274,86422913	chr12,112487522,112488070	33.17
chr12,86419274,86422913	chr12,113397252,113397547	83.66
chr12,86419274,86422913	chr12,117500397,117500982	62.59
chr12,86419274,86422913	chr12,117985729,117986170	28.3
chr12,86419274,86422913	chr12,118598908,118599110	57.46
chr12,86419274,86422913	chr13,31161190,31161618	6.17
chr12,86419274,86422913	chr13,31273193,31273402	51.99
chr12,86419274,86422913	chr13,51435028,51435290	23.27
chr12,86419274,86422913	chr14,47696375,47696749	6.17
chr12,86419274,86422913	chr14,56201973,56202898	72.51
chr12,86419274,86422913	chr15,16482137,16482552	14.45
chr12,86419274,86422913	chr15,31868973,31869292	32.51
chr12,86419274,86422913	chr15,75513968,75514363	6.17
chr12,86419274,86422913	chr16,71363218,71363716	10.23
chr12,86419274,86422913	chr16,85437377,85437653	18.8
chr12,86419274,86422913	chr16,89360959,89362989	10.23
chr12,86419274,86422913	chr16,93862983,93864064	18.8
chr12,86419274,86422913	chr16,96313200,96314033	51.99
chr12,86419274,86422913	chr17,83774166,83774918	37.27
chr12,86419274,86422913	chr18,26346885,26347132	27.84
chr12,86419274,86422913	chr18,43048546,43048712	110.33
chr12,86419274,86422913	chr19,6144949,6146041	173.37
chr12,86419274,86422913	chr19,22950017,22950159	23.27
chr12,86419274,86422913	chr19,25910334,25910680	83.09
chr12,86419274,86422913	chr19,34820307,34821727	10.23
chr12,86419274,86422913	chr2,49579214,49579342	83.09
chr12,86419274,86422913	chr2,115629222,115629647	42.1
chr12,86419274,86422913	chr2,167786281,167786701	27.84
chr12,86419274,86422913	chr2,181406031,181407231	83.09
chr12,86419274,86422913	chr3,129662756,129662870	258.23
chr12,86419274,86422913	chr4,33629865,33630047	18.8
chr12,86419274,86422913	chr4,34024690,34024866	302.17
chr12,86419274,86422913	chr4,75041254,75041687	215.25
chr12,86419274,86422913	chr4,149756150,149756576	42.1
chr12,86419274,86422913	chr5,20964091,20965019	62.14
chr12,86419274,86422913	chr5,113304606,113304877	6.17
chr12,86419274,86422913	chr5,133777806,133778773	37.27
chr12,86419274,86422913	chr6,28961991,28962544	23.27
chr12,86419274,86422913	chr6,57600146,57600407	197.15
chr12,86419274,86422913	chr7,75701780,75702280	14.45
chr12,86419274,86422913	chr7,117709627,117711559	47.01
chr12,86419274,86422913	chr7,119300134,119300400	93.86
chr12,86419274,86422913	chr7,140853863,140854105	62.14
chr12,86419274,86422913	chr7,142059293,142059688	18.8
chr12,86419274,86422913	chr8,34763937,34764717	110.33
chr12,86419274,86422913	chr8,68631199,68632025	167.49
chr12,86419274,86422913	chr9,94230799,94231486	23.27
chr12,86419274,86422913	chr9,104443116,104443793	37.27
chr12,86419274,86422913	chr9,123314351,123314880	215.25
chr15,7128930,7130283	chr10,90689001,90689322	37.27
chr15,7128930,7130283	chr14,20751352,20751885	14.45
chr15,7128930,7130283	chr14,33005624,33006103	14.45
chr15,7128930,7130283	chr15,3532080,3532285	11.33
chr15,7128930,7130283	chr15,3635057,3635515	7.39
chr15,7128930,7130283	chr15,3778087,3778683	7.17
chr15,7128930,7130283	chr15,4744618,4744884	5.66
chr15,7128930,7130283	chr15,6845607,6845864	5.27
chr15,7128930,7130283	chr15,6887760,6888378	5.63
chr15,7128930,7130283	chr15,7076833,7077484	5.05
chr15,7128930,7130283	chr15,7077505,7077740	5.47
chr15,7128930,7130283	chr15,7283093,7283565	5.01
chr15,7128930,7130283	chr15,7446863,7447015	5.29
chr15,7128930,7130283	chr15,7583405,7584740	5.85
chr15,7128930,7130283	chr15,7721480,7722048	5.68
chr15,7128930,7130283	chr15,7997205,7998723	5.11
chr15,7128930,7130283	chr15,10130905,10131445	8.71
chr15,7128930,7130283	chr15,10136555,10136781	5.56
chr15,7128930,7130283	chr15,11099613,11100001	6.63
chr15,7128930,7130283	chr15,12714831,12716200	12.11
chr15,7128930,7130283	chr15,12737841,12739488	5.51
chr15,7128930,7130283	chr15,12753323,12753590	80.34
chr15,7128930,7130283	chr15,13107411,13108392	22.7
chr15,7128930,7130283	chr15,17132775,17133438	12.4
chr15,7128930,7130283	chr15,21019839,21021047	68.88
chr15,7128930,7130283	chr15,23167799,23167995	24.57
chr15,7128930,7130283	chr15,24089746,24089916	11.6
chr15,7128930,7130283	chr15,34970511,34971296	19.4
chr15,7128930,7130283	chr15,39438991,39440085	37.71
chr15,7128930,7130283	chr15,41399088,41399445	19.19
chr15,7128930,7130283	chr15,43510492,43511490	6.52
chr15,7128930,7130283	chr15,50571639,50571873	14.68
chr15,7128930,7130283	chr15,54500170,54501056	37.46
chr15,7128930,7130283	chr15,57397388,57397706	10.4
chr15,7128930,7130283	chr15,57512293,57513057	47.17
chr15,7128930,7130283	chr15,57742631,57743289	10.39
chr15,7128930,7130283	chr15,60501854,60503123	10.37
chr15,7128930,7130283	chr15,62860112,62860509	25.71
chr15,7128930,7130283	chr15,66444126,66444848	37.38
chr15,7128930,7130283	chr15,67057989,67059407	14.56
chr15,7128930,7130283	chr15,67173209,67173533	62.24
chr15,7128930,7130283	chr15,68450121,68450319	14.55
chr15,7128930,7130283	chr15,70464972,70465583	10.33
chr15,7128930,7130283	chr15,70630499,70630777	6.26
chr15,7128930,7130283	chr15,72291196,72291664	27.93
chr15,7128930,7130283	chr15,73156616,73158017	10.32
chr15,7128930,7130283	chr15,73625505,73626150	37.35
chr15,7128930,7130283	chr15,88109761,88110613	57.08
chr15,7128930,7130283	chr15,88848081,88848548	6.22
chr15,7128930,7130283	chr15,103460775,103461026	14.48
chr15,7128930,7130283	chr17,73202824,73203460	14.45
chr15,7128930,7130283	chr18,9641844,9641946	23.27
chr15,7128930,7130283	chr18,81782499,81783469	14.45
chr15,7128930,7130283	chr19,26145634,26146793	42.1
chr15,7128930,7130283	chr19,29510460,29510575	27.84
chr15,7128930,7130283	chr19,43503003,43503194	6.17
chr15,7128930,7130283	chr2,37107323,37107556	10.23
chr15,7128930,7130283	chr3,28759190,28760433	10.23
chr15,7128930,7130283	chr4,19866830,19868042	10.23
chr15,7128930,7130283	chr4,45517193,45517388	42.1
chr15,7128930,7130283	chr4,81266501,81266616	23.27
chr15,7128930,7130283	chr5,39958414,39959879	10.23
chr15,7128930,7130283	chr6,6426291,6426743	10.23
chr15,7128930,7130283	chr6,91102622,91103236	72.51
chr15,7128930,7130283	chr6,136739603,136739996	6.17
chr15,7128930,7130283	chr7,51729449,51730850	6.17
chr15,7128930,7130283	chr8,8209954,8210613	10.23
chr15,7128930,7130283	chr8,8990546,8991337	10.23
chr15,7128930,7130283	chr8,109488089,109489250	10.23
chr15,7128930,7130283	chr8,114652309,114653151	18.8
chr15,7128930,7130283	chr9,29090770,29091136	14.45
chr15,7128930,7130283	chr9,49514941,49515239	6.17
chr15,7128930,7130283	chr9,60167996,60168105	67.3
chr15,7128930,7130283	chr9,77215904,77216596	51.99
chr16,10479663,10480580	chr1,175177318,175177846	72.51
chr16,10479663,10480580	chr10,106680155,106680540	93.86
chr16,10479663,10480580	chr10,125892636,125893380	57.03
chr16,10479663,10480580	chr11,76699813,76700132	18.8
chr16,10479663,10480580	chr12,56333006,56333324	10.23
chr16,10479663,10480580	chr12,108407693,108407859	115.89
chr16,10479663,10480580	chr13,6869781,6870834	179.28
chr16,10479663,10480580	chr13,48787908,48788150	6.17
chr16,10479663,10480580	chr13,74911932,74912675	23.27
chr16,10479663,10480580	chr14,18290448,18290723	14.45
chr16,10479663,10480580	chr14,111119524,111119802	62.14
chr16,10479663,10480580	chr15,41548458,41549380	10.23
chr16,10479663,10480580	chr15,79739305,79740330	167.49
chr16,10479663,10480580	chr15,88747658,88747834	14.45
chr16,10479663,10480580	chr16,3820847,3821261	5.26
chr16,10479663,10480580	chr16,4118969,4119264	19.9
chr16,10479663,10480580	chr16,4359760,4360427	5.25
chr16,10479663,10480580	chr16,5201605,5202252	18.85
chr16,10479663,10480580	chr16,7728015,7728873	8.85
chr16,10479663,10480580	chr16,8422293,8422667	7.44
chr16,10479663,10480580	chr16,8617325,8617700	5.92
chr16,10479663,10480580	chr16,8681335,8681809	15.71
chr16,10479663,10480580	chr16,8765127,8765342	5.6
chr16,10479663,10480580	chr16,9780151,9781499	9.62
chr16,10479663,10480580	chr16,10381363,10382419	5.25
chr16,10479663,10480580	chr16,10396611,10397005	5.72
chr16,10479663,10480580	chr16,10430200,10430453	5.73
chr16,10479663,10480580	chr16,10460134,10460326	5.02
chr16,10479663,10480580	chr16,10774933,10775521	5.05
chr16,10479663,10480580	chr16,10822384,10822499	5.56
chr16,10479663,10480580	chr16,10865610,10867225	5.07
chr16,10479663,10480580	chr16,11096046,11096796	5.97
chr16,10479663,10480580	chr16,11508212,11508580	6.1
chr16,10479663,10480580	chr16,12038677,12038796	7.1
chr16,10479663,10480580	chr16,12564137,12564358	8.6
chr16,10479663,10480580	chr16,12656841,12657717	5.42
chr16,10479663,10480580	chr16,13510651,13510805	5.97
chr16,10479663,10480580	chr16,13547488,13547727	6.98
chr16,10479663,10480580	chr16,16875863,16876173	19.99
chr16,10479663,10480580	chr16,17015357,17016564	22.27
chr16,10479663,10480580	chr16,17246938,17247684	16.74
chr16,10479663,10480580	chr16,23488762,23489441	39.02
chr16,10479663,10480580	chr16,29582353,29584695	7.32
chr16,10479663,10480580	chr16,30902189,30903691	78.73
chr16,10479663,10480580	chr16,33671217,33671702	57.84
chr16,10479663,10480580	chr16,36386705,36387579	57.7
chr16,10479663,10480580	chr16,37033856,37034534	156.37
chr16,10479663,10480580	chr16,38125014,38125270	47.61
chr16,10479663,10480580	chr16,38959916,38960619	33.08
chr16,10479663,10480580	chr16,40331081,40332351	57.54
chr16,10479663,10480580	chr16,58730859,58731636	28.02
chr16,10479663,10480580	chr16,63437309,63437838	47.16
chr16,10479663,10480580	chr16,63504607,63507154	32.65
chr16,10479663,10480580	chr16,76344287,76344561	18.88
chr16,10479663,10480580	chr16,90530016,90530886	23.27
chr16,10479663,10480580	chr16,95345084,95345763	18.84
chr16,10479663,10480580	chr16,96706986,96707747	18.84
chr16,10479663,10480580	chr16,97714295,97715238	93.9
chr16,10479663,10480580	chr17,24953491,24953772	27.84
chr16,10479663,10480580	chr18,21107005,21107995	47.01
chr16,10479663,10480580	chr18,38202688,38203265	115.89
chr16,10479663,10480580	chr18,38661826,38662617	18.8
chr16,10479663,10480580	chr19,43508333,43508658	88.46
chr16,10479663,10480580	chr2,3247503,3247996	47.01
chr16,10479663,10480580	chr2,90744806,90745487	32.51
chr16,10479663,10480580	chr2,104869712,104870053	10.23
chr16,10479663,10480580	chr2,180611049,180611409	62.14
chr16,10479663,10480580	chr4,122938668,122938888	77.78
chr16,10479663,10480580	chr5,43813987,43814743	62.14
chr16,10479663,10480580	chr5,53353025,53353238	23.27
chr16,10479663,10480580	chr5,105529115,105529654	57.03
chr16,10479663,10480580	chr5,129690353,129691368	10.23
chr16,10479663,10480580	chr5,149712063,149712279	110.33
chr16,10479663,10480580	chr6,17589238,17590886	77.78
chr16,10479663,10480580	chr6,56601184,56601376	110.33
chr16,10479663,10480580	chr9,10074161,10074910	27.84
chr16,10479663,10480580	chr9,21530362,21533010	121.5
chr16,10479663,10480580	chrX,112689084,112690469	37.27
chr16,10486858,10489086	chr1,6881326,6881769	14.45
chr16,10486858,10489086	chr1,9515621,9515809	179.28
chr16,10486858,10489086	chr1,60659736,60659856	18.8
chr16,10486858,10489086	chr1,74081876,74082384	18.8
chr16,10486858,10489086	chr1,126556590,126556705	77.78
chr16,10486858,10489086	chr1,135690745,135691174	32.51
chr16,10486858,10489086	chr1,155865549,155866119	6.17
chr16,10486858,10489086	chr1,157069712,157069902	227.42
chr16,10486858,10489086	chr10,44902089,44903382	6.17
chr16,10486858,10489086	chr10,65229453,65230384	57.03
chr16,10486858,10489086	chr11,3194057,3194589	6.17
chr16,10486858,10489086	chr11,61913762,61915574	18.8
chr16,10486858,10489086	chr11,79688329,79688896	6.17
chr16,10486858,10489086	chr12,107824223,107824608	67.3
chr16,10486858,10489086	chr13,79075322,79075679	203.16
chr16,10486858,10489086	chr13,92115432,92115809	42.1
chr16,10486858,10489086	chr14,32189503,32189861	104.8
chr16,10486858,10489086	chr14,62904310,62905285	14.45
chr16,10486858,10489086	chr14,70087799,70088374	77.78
chr16,10486858,10489086	chr15,15308337,15309103	10.23
chr16,10486858,10489086	chr15,27472875,27473978	83.09
chr16,10486858,10489086	chr15,51818004,51818497	6.17
chr16,10486858,10489086	chr15,100819906,100820065	179.28
chr16,10486858,10489086	chr16,3564531,3564749	79.03
chr16,10486858,10489086	chr16,4108305,4108793	12.37
chr16,10486858,10489086	chr16,5701943,5702139	26.11
chr16,10486858,10489086	chr16,6206959,6207291	6.56
chr16,10486858,10489086	chr16,8205563,8206670	9.78
chr16,10486858,10489086	chr16,8468858,8469293	8.66
chr16,10486858,10489086	chr16,9243263,9244480	12.58
chr16,10486858,10489086	chr16,9934235,9934640	5.01
chr16,10486858,10489086	chr16,10213243,10213829	5.07
chr16,10486858,10489086	chr16,10277251,10277432	5.79
chr16,10486858,10489086	chr16,10290924,10291212	6.5
chr16,10486858,10489086	chr16,10430200,10430453	5.01
chr16,10486858,10489086	chr16,10530448,10531110	5.2
chr16,10486858,10489086	chr16,10827670,10827816	5.02
chr16,10486858,10489086	chr16,11023937,11024072	5.11
chr16,10486858,10489086	chr16,11887672,11888636	5.15
chr16,10486858,10489086	chr16,13264938,13265399	22.46
chr16,10486858,10489086	chr16,13634576,13634769	25.41
chr16,10486858,10489086	chr16,14129973,14130196	8.7
chr16,10486858,10489086	chr16,15065287,15066282	5.59
chr16,10486858,10489086	chr16,15428232,15428589	8.71
chr16,10486858,10489086	chr16,16946307,16946981	28.93
chr16,10486858,10489086	chr16,17248803,17248955	9.2
chr16,10486858,10489086	chr16,18373193,18373343	18.55
chr16,10486858,10489086	chr16,18889306,18889870	127.89
chr16,10486858,10489086	chr16,20685198,20686020	14.29
chr16,10486858,10489086	chr16,24170277,24170514	89.48
chr16,10486858,10489086	chr16,25381467,25381929	15.76
chr16,10486858,10489086	chr16,29118667,29119348	78.76
chr16,10486858,10489086	chr16,33301085,33302863	15.3
chr16,10486858,10489086	chr16,35242902,35243413	15.19
chr16,10486858,10489086	chr16,45733051,45733246	270.92
chr16,10486858,10489086	chr16,52044247,52044679	25.84
chr16,10486858,10489086	chr16,52386999,52387747	161.85
chr16,10486858,10489086	chr16,57738485,57739086	52.18
chr16,10486858,10489086	chr16,78034754,78034861	52.07
chr16,10486858,10489086	chr16,94167297,94168029	52.04
chr16,10486858,10489086	chr16,97823348,97826260	57.07
chr16,10486858,10489086	chr16,97923769,97924196	23.26
chr16,10486858,10489086	chr17,7592138,7592754	27.84
chr16,10486858,10489086	chr17,34235428,34236493	83.09
chr16,10486858,10489086	chr17,76037103,76037274	10.23
chr16,10486858,10489086	chr17,89350237,89350798	32.51
chr16,10486858,10489086	chr18,7657574,7658609	93.86
chr16,10486858,10489086	chr18,10310343,10310693	10.23
chr16,10486858,10489086	chr18,53380341,53380512	37.27
chr16,10486858,10489086	chr18,71249000,71250048	32.51
chr16,10486858,10489086	chr19,41932516,41932914	6.17
chr16,10486858,10489086	chr2,82273592,82273955	10.23
chr16,10486858,10489086	chr2,127934730,127934864	72.51
chr16,10486858,10489086	chr2,150600257,150600744	121.5
chr16,10486858,10489086	chr3,51844745,51846752	18.8
chr16,10486858,10489086	chr4,14928659,14928864	191.17
chr16,10486858,10489086	chr4,135373707,135373892	10.23
chr16,10486858,10489086	chr4,136326243,136326872	197.15
chr16,10486858,10489086	chr4,140545482,140547216	14.45
chr16,10486858,10489086	chr4,150304871,150305036	51.99
chr16,10486858,10489086	chr5,29017233,29017935	18.8
chr16,10486858,10489086	chr5,31766854,31769232	18.8
chr16,10486858,10489086	chr5,32594369,32595587	10.23
chr16,10486858,10489086	chr5,118802381,118802882	27.84
chr16,10486858,10489086	chr5,122135818,122136533	23.27
chr16,10486858,10489086	chr5,146829470,146829876	179.28
chr16,10486858,10489086	chr6,17519263,17519608	110.33
chr16,10486858,10489086	chr6,108191115,108191407	18.8
chr16,10486858,10489086	chr6,111718374,111718752	10.23
chr16,10486858,10489086	chr6,112384742,112384911	32.51
chr16,10486858,10489086	chr6,120158334,120158442	93.86
chr16,10486858,10489086	chr7,5935773,5936195	6.17
chr16,10486858,10489086	chr7,20063809,20064301	6.17
chr16,10486858,10489086	chr7,65765736,65765995	104.8
chr16,10486858,10489086	chr8,35953119,35953275	27.84
chr16,10486858,10489086	chr8,41065264,41065400	14.45
chr16,10486858,10489086	chr9,15097085,15097310	161.63
chr16,10486858,10489086	chr9,44492939,44493309	72.51
chr16,10486858,10489086	chr9,46349410,46351172	18.8
chr16,10486858,10489086	chrX,157645484,157646037	10.23
chr16,10489551,10489878	chr1,13134287,13135176	179.28
chr16,10489551,10489878	chr1,36474736,36475069	42.1
chr16,10489551,10489878	chr1,159594318,159594585	6.17
chr16,10489551,10489878	chr10,8778440,8779206	191.17
chr16,10489551,10489878	chr10,38721627,38721834	197.15
chr16,10489551,10489878	chr10,72456022,72456327	42.1
chr16,10489551,10489878	chr11,55397678,55398563	104.8
chr16,10489551,10489878	chr11,62300800,62300995	245.85
chr16,10489551,10489878	chr11,72525165,72526321	23.27
chr16,10489551,10489878	chr12,3705302,3706143	42.1
chr16,10489551,10489878	chr12,118130781,118131188	6.17
chr16,10489551,10489878	chr13,91093811,91093983	37.27
chr16,10489551,10489878	chr13,96433883,96434009	6.17
chr16,10489551,10489878	chr14,60197488,60197853	18.8
chr16,10489551,10489878	chr15,6484822,6485152	51.99
chr16,10489551,10489878	chr15,9529364,9529601	67.3
chr16,10489551,10489878	chr15,40722827,40723321	88.46
chr16,10489551,10489878	chr15,57888684,57890053	51.99
chr16,10489551,10489878	chr16,3963007,3964322	7.9
chr16,10489551,10489878	chr16,4632864,4632998	7.49
chr16,10489551,10489878	chr16,4821327,4821537	5.14
chr16,10489551,10489878	chr16,5042859,5043120	5.09
chr16,10489551,10489878	chr16,8522630,8523022	21.08
chr16,10489551,10489878	chr16,8534857,8535710	7.51
chr16,10489551,10489878	chr16,8790918,8791135	5.48
chr16,10489551,10489878	chr16,10062362,10062669	7.48
chr16,10489551,10489878	chr16,10271453,10271595	5.46
chr16,10489551,10489878	chr16,10303816,10304658	7.81
chr16,10489551,10489878	chr16,10368481,10369220	5.04
chr16,10489551,10489878	chr16,10389212,10389331	6.44
chr16,10489551,10489878	chr16,10397056,10398260	5.59
chr16,10489551,10489878	chr16,10792957,10793332	5.48
chr16,10489551,10489878	chr16,10828677,10830145	5.42
chr16,10489551,10489878	chr16,10832065,10833076	5.86
chr16,10489551,10489878	chr16,10944565,10944698	5.68
chr16,10489551,10489878	chr16,11174651,11175204	7.43
chr16,10489551,10489878	chr16,11248096,11248197	6.35
chr16,10489551,10489878	chr16,11253129,11253990	5.5
chr16,10489551,10489878	chr16,11563189,11564979	6.12
chr16,10489551,10489878	chr16,12037243,12037901	19.55
chr16,10489551,10489878	chr16,13366917,13367076	8.23
chr16,10489551,10489878	chr16,13990010,13990994	14.94
chr16,10489551,10489878	chr16,14200142,14201335	12.51
chr16,10489551,10489878	chr16,14319895,14321494	116.82
chr16,10489551,10489878	chr16,18196470,18196858	113.46
chr16,10489551,10489878	chr16,18673087,18674047	21.09
chr16,10489551,10489878	chr16,21928565,21929067	58.74
chr16,10489551,10489878	chr16,22398371,22398767	89.77
chr16,10489551,10489878	chr16,24728318,24729110	84.44
chr16,10489551,10489878	chr16,26794840,26795175	48.36
chr16,10489551,10489878	chr16,29778748,29779851	111.27
chr16,10489551,10489878	chr16,29943598,29944052	7.29
chr16,10489551,10489878	chr16,37408347,37409289	78.38
chr16,10489551,10489878	chr16,37677047,37677335	23.85
chr16,10489551,10489878	chr16,38644563,38645164	26.18
chr16,10489551,10489878	chr16,41445260,41445514	32.99
chr16,10489551,10489878	chr16,43315215,43316347	14.88
chr16,10489551,10489878	chr16,43654757,43655383	67.7
chr16,10489551,10489878	chr16,44523345,44523875	72.9
chr16,10489551,10489878	chr16,46739830,46740468	94.19
chr16,10489551,10489878	chr16,57304833,57305228	25.78
chr16,10489551,10489878	chr16,60616685,60617350	57.2
chr16,10489551,10489878	chr16,85499549,85500185	77.84
chr16,10489551,10489878	chr16,90370744,90371705	72.56
chr16,10489551,10489878	chr16,92105249,92105731	37.32
chr16,10489551,10489878	chr16,95799932,95800449	47.06
chr16,10489551,10489878	chr17,32391147,32392067	10.23
chr16,10489551,10489878	chr18,7920582,7920701	57.03
chr16,10489551,10489878	chr18,36265162,36265566	67.3
chr16,10489551,10489878	chr18,39088873,39089802	264.45
chr16,10489551,10489878	chr19,7520598,7520898	6.17
chr16,10489551,10489878	chr19,36445568,36449780	32.51
chr16,10489551,10489878	chr2,156286940,156287423	23.27
chr16,10489551,10489878	chr4,43594000,43594535	104.8
chr16,10489551,10489878	chr4,46148287,46148704	10.23
chr16,10489551,10489878	chr4,50138503,50138909	37.27
chr16,10489551,10489878	chr4,110982051,110982231	23.27
chr16,10489551,10489878	chr4,150207750,150208994	10.23
chr16,10489551,10489878	chr5,8442941,8443627	227.42
chr16,10489551,10489878	chr5,28662276,28662564	37.27
chr16,10489551,10489878	chr5,81724097,81724444	6.17
chr16,10489551,10489878	chr6,6474226,6475044	72.51
chr16,10489551,10489878	chr6,25766565,25767470	72.51
chr16,10489551,10489878	chr6,34320141,34320371	62.14
chr16,10489551,10489878	chr6,48751875,48752055	18.8
chr16,10489551,10489878	chr6,134411589,134411864	185.21
chr16,10489551,10489878	chr7,21130767,21131076	10.23
chr16,10489551,10489878	chr7,28050681,28051232	32.51
chr16,10489551,10489878	chr7,82311962,82312369	10.23
chr16,10489551,10489878	chr7,138407688,138407963	18.8
chr16,10489551,10489878	chr8,119628404,119629166	47.01
chr16,10489551,10489878	chr9,30401920,30402440	47.01
chr16,10489551,10489878	chr9,33470320,33470566	18.8
chr16,10489551,10489878	chr9,35533810,35534256	23.27
chr16,10489551,10489878	chr9,47283108,47283782	32.51
chr16,10489551,10489878	chr9,79238635,79238843	37.27
chr16,10489551,10489878	chrX,17376805,17377295	88.46
chr16,10489551,10489878	chrX,50765194,50765750	179.28
chr2,168766420,168767218	chr1,89799350,89799586	150.01
chr2,168766420,168767218	chr1,171525491,171525736	51.99
chr2,168766420,168767218	chr1,173861276,173861674	18.8
chr2,168766420,168767218	chr1,193961528,193962307	10.23
chr2,168766420,168767218	chr10,117135462,117137576	10.23
chr2,168766420,168767218	chr11,108665777,108666100	27.84
chr2,168766420,168767218	chr12,61517634,61517899	23.27
chr2,168766420,168767218	chr13,43920875,43921055	32.51
chr2,168766420,168767218	chr13,49567265,49568041	23.27
chr2,168766420,168767218	chr13,104296319,104297292	6.17
chr2,168766420,168767218	chr15,10567313,10567721	10.23
chr2,168766420,168767218	chr15,67942875,67944895	10.23
chr2,168766420,168767218	chr15,68021439,68021930	23.27
chr2,168766420,168767218	chr16,34414943,34415687	37.27
chr2,168766420,168767218	chr16,82026594,82026865	10.23
chr2,168766420,168767218	chr18,54069256,54069515	6.17
chr2,168766420,168767218	chr18,56482500,56482619	10.23
chr2,168766420,168767218	chr18,58840246,58840828	23.27
chr2,168766420,168767218	chr18,71668253,71669578	6.17
chr2,168766420,168767218	chr19,44859387,44860294	23.27
chr2,168766420,168767218	chr2,11800172,11800495	10.24
chr2,168766420,168767218	chr2,27213585,27214193	14.46
chr2,168766420,168767218	chr2,31257084,31257482	47.03
chr2,168766420,168767218	chr2,52437270,52437519	52.01
chr2,168766420,168767218	chr2,57469089,57469542	10.25
chr2,168766420,168767218	chr2,68277714,68278175	14.48
chr2,168766420,168767218	chr2,73681460,73681993	52.02
chr2,168766420,168767218	chr2,75089220,75089335	6.2
chr2,168766420,168767218	chr2,76088279,76088731	14.49
chr2,168766420,168767218	chr2,80030250,80030667	6.21
chr2,168766420,168767218	chr2,109963950,109964346	150.12
chr2,168766420,168767218	chr2,112670625,112671350	37.39
chr2,168766420,168767218	chr2,117772098,117773411	28
chr2,168766420,168767218	chr2,124811342,124811671	10.46
chr2,168766420,168767218	chr2,126655958,126656846	10.48
chr2,168766420,168767218	chr2,127428293,127428399	57.29
chr2,168766420,168767218	chr2,127846289,127847080	6.44
chr2,168766420,168767218	chr2,128205483,128206053	28.11
chr2,168766420,168767218	chr2,131856640,131857169	10.57
chr2,168766420,168767218	chr2,135206649,135206878	14.86
chr2,168766420,168767218	chr2,139625746,139625902	47.56
chr2,168766420,168767218	chr2,141613600,141614672	6.8
chr2,168766420,168767218	chr2,145312138,145312841	47.82
chr2,168766420,168767218	chr2,146793750,146794303	33.43
chr2,168766420,168767218	chr2,150135529,150136135	122.55
chr2,168766420,168767218	chr2,150988219,150988640	53.23
chr2,168766420,168767218	chr2,152047986,152049029	7.57
chr2,168766420,168767218	chr2,153406864,153408946	48.51
chr2,168766420,168767218	chr2,153908514,153908890	7.8
chr2,168766420,168767218	chr2,154001321,154002045	38.86
chr2,168766420,168767218	chr2,154634380,154634608	11.95
chr2,168766420,168767218	chr2,155788498,155788663	24.65
chr2,168766420,168767218	chr2,157595162,157596125	16.4
chr2,168766420,168767218	chr2,159316158,159316827	12.52
chr2,168766420,168767218	chr2,160704350,160704583	23.41
chr2,168766420,168767218	chr2,161387650,161388039	5.38
chr2,168766420,168767218	chr2,162707220,162707388	23.8
chr2,168766420,168767218	chr2,163103942,163105564	20.71
chr2,168766420,168767218	chr2,164012424,164013746	5.53
chr2,168766420,168767218	chr2,165055694,165055851	17.48
chr2,168766420,168767218	chr2,167693517,167694856	6.07
chr2,168766420,168767218	chr2,168207953,168209558	6.27
chr2,168766420,168767218	chr2,168334545,168335012	6.48
chr2,168766420,168767218	chr2,168337555,168338285	5.04
chr2,168766420,168767218	chr2,168464208,168465056	5.4
chr2,168766420,168767218	chr2,168653599,168653783	5.27
chr2,168766420,168767218	chr2,168829610,168830749	5.14
chr2,168766420,168767218	chr2,169113229,169113470	6.02
chr2,168766420,168767218	chr2,169365768,169365906	5.37
chr2,168766420,168767218	chr2,170138168,170138683	6.85
chr2,168766420,168767218	chr2,170691607,170693275	16.83
chr2,168766420,168767218	chr2,170929378,170930056	5.6
chr2,168766420,168767218	chr2,171115613,171116251	7.54
chr2,168766420,168767218	chr2,171341213,171341548	9
chr2,168766420,168767218	chr2,172429033,172429507	29.81
chr2,168766420,168767218	chr2,172463168,172463957	5.08
chr2,168766420,168767218	chr2,172897288,172898255	17.72
chr2,168766420,168767218	chr2,173356047,173356371	28.78
chr2,168766420,168767218	chr2,174472235,174472626	8.39
chr2,168766420,168767218	chr2,174761920,174762582	5.61
chr2,168766420,168767218	chr2,174864713,174865287	8.59
chr2,168766420,168767218	chr2,177924084,177924382	100.66
chr2,168766420,168767218	chr2,178093409,178094113	25.28
chr2,168766420,168767218	chr2,178502731,178503138	8.64
chr2,168766420,168767218	chr2,179787845,179788381	16.4
chr2,168766420,168767218	chr2,179822134,179822855	16.4
chr2,168766420,168767218	chr2,180124935,180125204	8.35
chr2,168766420,168767218	chr2,180756337,180756565	24.39
chr2,168766420,168767218	chr2,181447289,181447888	16.3
chr2,168766420,168767218	chr3,74574545,74574789	6.17
chr2,168766420,168767218	chr3,83855191,83855335	185.21
chr2,168766420,168767218	chr3,137027944,137029120	10.23
chr2,168766420,168767218	chr4,134498630,134499977	14.45
chr2,168766420,168767218	chr4,149074505,149075057	23.27
chr2,168766420,168767218	chr5,100079289,100079860	32.51
chr2,168766420,168767218	chr5,133786676,133787349	144.25
chr2,168766420,168767218	chr5,146134850,146136240	14.45
chr2,168766420,168767218	chr6,143292605,143292909	23.27
chr2,168766420,168767218	chr7,12734753,12734951	37.27
chr2,168766420,168767218	chr7,17085284,17086143	37.27
chr2,168766420,168767218	chr7,30070288,30070495	6.17
chr2,168766420,168767218	chr7,111276139,111276757	6.17
chr2,168766420,168767218	chr7,118874079,118874278	10.23
chr2,168766420,168767218	chr7,125517015,125517688	6.17
chr2,168766420,168767218	chr7,131281187,131281524	132.81
chr2,168766420,168767218	chr7,140398725,140400083	6.17
chr2,168766420,168767218	chr8,24651465,24651913	18.8
chr2,168766420,168767218	chrX,22282603,22282859	6.17
chr3,34648729,34650279	chr1,190451410,190451521	14.45
chr3,34648729,34650279	chr11,24764830,24765997	27.84
chr3,34648729,34650279	chr11,48304914,48305754	23.27
chr3,34648729,34650279	chr11,66946091,66946329	23.27
chr3,34648729,34650279	chr11,112280379,112280723	37.27
chr3,34648729,34650279	chr11,116579428,116579654	27.84
chr3,34648729,34650279	chr14,45149604,45149948	37.27
chr3,34648729,34650279	chr14,46566941,46568072	10.23
chr3,34648729,34650279	chr15,40786479,40786642	6.17
chr3,34648729,34650279	chr16,29586302,29586551	10.23
chr3,34648729,34650279	chr16,50103808,50104151	18.8
chr3,34648729,34650279	chr16,87796576,87796970	10.23
chr3,34648729,34650279	chr17,73154162,73154599	115.89
chr3,34648729,34650279	chr18,23168017,23168299	10.23
chr3,34648729,34650279	chr19,58926349,58926734	32.51
chr3,34648729,34650279	chr2,41013991,41014290	138.51
chr3,34648729,34650279	chr3,5852694,5853143	19.37
chr3,34648729,34650279	chr3,13916435,13917234	68.29
chr3,34648729,34650279	chr3,17150315,17151674	15.76
chr3,34648729,34650279	chr3,26164866,26165101	5.16
chr3,34648729,34650279	chr3,26581785,26581909	18.97
chr3,34648729,34650279	chr3,27701623,27703470	5.54
chr3,34648729,34650279	chr3,29475440,29476292	5.82
chr3,34648729,34650279	chr3,29790791,29793045	12.27
chr3,34648729,34650279	chr3,30518265,30519323	22.18
chr3,34648729,34650279	chr3,30716422,30717086	9.05
chr3,34648729,34650279	chr3,31387087,31387338	5.16
chr3,34648729,34650279	chr3,31408104,31408842	10.53
chr3,34648729,34650279	chr3,31413891,31414648	5.14
chr3,34648729,34650279	chr3,31721488,31721692	13.08
chr3,34648729,34650279	chr3,31816863,31816990	8.37
chr3,34648729,34650279	chr3,32355700,32356177	6.28
chr3,34648729,34650279	chr3,32583559,32583901	13.16
chr3,34648729,34650279	chr3,32708055,32708188	13.66
chr3,34648729,34650279	chr3,32752714,32753289	15.16
chr3,34648729,34650279	chr3,32813073,32813514	6.82
chr3,34648729,34650279	chr3,32949216,32949835	7.05
chr3,34648729,34650279	chr3,33409346,33409668	6.23
chr3,34648729,34650279	chr3,33867777,33868021	5.04
chr3,34648729,34650279	chr3,34002467,34002833	5.65
chr3,34648729,34650279	chr3,34399951,34400421	5.01
chr3,34648729,34650279	chr3,34914182,34914408	5.3
chr3,34648729,34650279	chr3,34998954,34999162	5.21
chr3,34648729,34650279	chr3,35420031,35420617	6.61
chr3,34648729,34650279	chr3,35486417,35486697	5.81
chr3,34648729,34650279	chr3,35600059,35600171	5.41
chr3,34648729,34650279	chr3,35720433,35720633	6.19
chr3,34648729,34650279	chr3,36402525,36403192	13.96
chr3,34648729,34650279	chr3,36432892,36433094	6.05
chr3,34648729,34650279	chr3,36506442,36506894	6.87
chr3,34648729,34650279	chr3,36649448,36649866	6.52
chr3,34648729,34650279	chr3,37429625,37430992	31.07
chr3,34648729,34650279	chr3,38564157,38564626	7.39
chr3,34648729,34650279	chr3,38674447,38674666	13.98
chr3,34648729,34650279	chr3,39483337,39483654	10.3
chr3,34648729,34650279	chr3,39502082,39503442	61.53
chr3,34648729,34650279	chr3,40421997,40422459	18
chr3,34648729,34650279	chr3,41603793,41603979	20.14
chr3,34648729,34650279	chr3,54735112,54735901	15.52
chr3,34648729,34650279	chr3,58480580,58481269	15.26
chr3,34648729,34650279	chr3,59278309,59279232	28.6
chr3,34648729,34650279	chr3,61292681,61293589	15.11
chr3,34648729,34650279	chr3,63292547,63294436	23.86
chr3,34648729,34650279	chr3,70307686,70308380	10.6
chr3,34648729,34650279	chr3,78271297,78271420	10.46
chr3,34648729,34650279	chr3,87495814,87496633	14.6
chr3,34648729,34650279	chr3,89658306,89658466	14.58
chr3,34648729,34650279	chr3,91207596,91207837	14.57
chr3,34648729,34650279	chr3,99136385,99136711	23.34
chr3,34648729,34650279	chr3,109420882,109421020	23.31
chr3,34648729,34650279	chr3,118020031,118020246	18.85
chr3,34648729,34650279	chr3,152090195,152091012	25.6
chr3,34648729,34650279	chr3,157608576,157609056	57.05
chr3,34648729,34650279	chr4,123579390,123579604	115.89
chr3,34648729,34650279	chr5,8281307,8281663	27.84
chr3,34648729,34650279	chr5,36766049,36766256	14.45
chr3,34648729,34650279	chr5,40119346,40119457	10.23
chr3,34648729,34650279	chr5,62557983,62559824	32.51
chr3,34648729,34650279	chr6,42212355,42213896	18.8
chr3,34648729,34650279	chr6,130950561,130950791	14.45
chr3,34648729,34650279	chr7,56491905,56492324	72.51
chr3,34648729,34650279	chr7,105520891,105521256	18.8
chr3,34648729,34650279	chr8,115826291,115826680	23.27
chr4,55531324,55531996	chr1,9887852,9888696	10.23
chr4,55531324,55531996	chr1,29914231,29915129	47.01
chr4,55531324,55531996	chr1,49709252,49710250	10.23
chr4,55531324,55531996	chr1,64258115,64258772	10.23
chr4,55531324,55531996	chr10,84843893,84844462	42.1
chr4,55531324,55531996	chr11,121131295,121131722	10.23
chr4,55531324,55531996	chr12,21347648,21348047	10.23
chr4,55531324,55531996	chr12,36731607,36732055	6.17
chr4,55531324,55531996	chr13,34774126,34774847	14.45
chr4,55531324,55531996	chr13,110037798,110038445	14.45
chr4,55531324,55531996	chr14,21741867,21742364	37.27
chr4,55531324,55531996	chr14,52038851,52039108	6.17
chr4,55531324,55531996	chr14,105700543,105700780	10.23
chr4,55531324,55531996	chr3,24430904,24431689	14.45
chr4,55531324,55531996	chr4,6866639,6867650	10.41
chr4,55531324,55531996	chr4,8868660,8868848	62.33
chr4,55531324,55531996	chr4,21861161,21863367	14.86
chr4,55531324,55531996	chr4,31909432,31910089	24.04
chr4,55531324,55531996	chr4,32720923,32721047	38.13
chr4,55531324,55531996	chr4,33217329,33217756	7.07
chr4,55531324,55531996	chr4,34872628,34873019	7.2
chr4,55531324,55531996	chr4,35015000,35015437	7.21
chr4,55531324,55531996	chr4,36397862,36400061	7.33
chr4,55531324,55531996	chr4,44102851,44103148	16.5
chr4,55531324,55531996	chr4,45605265,45605414	34.89
chr4,55531324,55531996	chr4,45841959,45842849	44.44
chr4,55531324,55531996	chr4,46522623,46523354	5.03
chr4,55531324,55531996	chr4,54315886,54316336	6.84
chr4,55531324,55531996	chr4,55664521,55664891	5.08
chr4,55531324,55531996	chr4,55885107,55885558	5.35
chr4,55531324,55531996	chr4,56130373,56130592	6.14
chr4,55531324,55531996	chr4,56420892,56421352	7.06
chr4,55531324,55531996	chr4,56942370,56943076	6.2
chr4,55531324,55531996	chr4,57345401,57345665	5.42
chr4,55531324,55531996	chr4,74353365,74353505	29.02
chr4,55531324,55531996	chr4,82393111,82393714	15.1
chr4,55531324,55531996	chr4,86575700,86575992	6.66
chr4,55531324,55531996	chr4,88232219,88232503	10.67
chr4,55531324,55531996	chr4,89912166,89912484	37.66
chr4,55531324,55531996	chr4,108755731,108757651	14.59
chr4,55531324,55531996	chr4,108873374,108873772	10.38
chr4,55531324,55531996	chr4,115011622,115012043	18.91
chr4,55531324,55531996	chr4,117073469,117074790	32.61
chr4,55531324,55531996	chr4,119339240,119339396	25.67
chr4,55531324,55531996	chr4,126982330,126982490	42.17
chr4,55531324,55531996	chr4,129478154,129478304	18.86
chr4,55531324,55531996	chr4,137333788,137334354	6.22
chr4,55531324,55531996	chr4,138912751,138913700	14.5
chr4,55531324,55531996	chr4,143245540,143246585	14.49
chr4,55531324,55531996	chr4,152155206,152155642	18.83
chr4,55531324,55531996	chr5,25890634,25891517	10.23
chr4,55531324,55531996	chr8,42124618,42125888	14.45
chr4,55531324,55531996	chr8,107074145,107074408	47.01
chr4,55531324,55531996	chr8,108582343,108583299	27.84
chr4,55531324,55531996	chr9,85342622,85343256	14.45
chr4,55531324,55531996	chr9,107300099,107300515	23.27
chr6,122339268,122340303	chr1,64302776,64304221	18.8
chr6,122339268,122340303	chr10,52248108,52248559	10.23
chr6,122339268,122340303	chr10,94012566,94012827	37.27
chr6,122339268,122340303	chr10,102385677,102386636	10.23
chr6,122339268,122340303	chr10,119150970,119151557	10.23
chr6,122339268,122340303	chr11,77343086,77343244	47.01
chr6,122339268,122340303	chr11,88278494,88279134	14.45
chr6,122339268,122340303	chr11,107993526,107994108	6.17
chr6,122339268,122340303	chr12,104008362,104008604	14.45
chr6,122339268,122340303	chr13,96292866,96292995	6.17
chr6,122339268,122340303	chr14,26787389,26787581	6.17
chr6,122339268,122340303	chr15,57089691,57089807	27.84
chr6,122339268,122340303	chr16,28470048,28470401	23.27
chr6,122339268,122340303	chr16,90526028,90526402	14.45
chr6,122339268,122340303	chr16,91040776,91041341	18.8
chr6,122339268,122340303	chr17,17539704,17540110	6.17
chr6,122339268,122340303	chr17,74590391,74590646	115.89
chr6,122339268,122340303	chr17,87086760,87086983	10.23
chr6,122339268,122340303	chr17,91212124,91214434	93.86
chr6,122339268,122340303	chr19,50318081,50318425	42.1
chr6,122339268,122340303	chr2,125036393,125036981	18.8
chr6,122339268,122340303	chr2,156716913,156718210	47.01
chr6,122339268,122340303	chr2,168264854,168264995	57.03
chr6,122339268,122340303	chr3,131196422,131196667	32.51
chr6,122339268,122340303	chr3,144178076,144178299	18.8
chr6,122339268,122340303	chr4,86812688,86812814	10.23
chr6,122339268,122340303	chr6,3477099,3477435	10.25
chr6,122339268,122340303	chr6,17303606,17303871	27.87
chr6,122339268,122340303	chr6,24923974,24924788	6.2
chr6,122339268,122340303	chr6,29090119,29090641	47.05
chr6,122339268,122340303	chr6,34994380,34995308	10.27
chr6,122339268,122340303	chr6,36915762,36916319	27.89
chr6,122339268,122340303	chr6,40247671,40248306	37.32
chr6,122339268,122340303	chr6,61247372,61247862	18.9
chr6,122339268,122340303	chr6,65970410,65970835	32.64
chr6,122339268,122340303	chr6,70589362,70590220	62.29
chr6,122339268,122340303	chr6,83169468,83169707	83.39
chr6,122339268,122340303	chr6,83186909,83187258	32.81
chr6,122339268,122340303	chr6,89420116,89420465	23.68
chr6,122339268,122340303	chr6,89431535,89431679	94.29
chr6,122339268,122340303	chr6,95912906,95913390	52.66
chr6,122339268,122340303	chr6,100875627,100878179	24.25
chr6,122339268,122340303	chr6,106758027,106758819	11.78
chr6,122339268,122340303	chr6,108704315,108704673	25.06
chr6,122339268,122340303	chr6,108814983,108815234	8.02
chr6,122339268,122340303	chr6,112980153,112981544	8.83
chr6,122339268,122340303	chr6,113743732,113744255	101.52
chr6,122339268,122340303	chr6,117431129,117431487	78.52
chr6,122339268,122340303	chr6,117706617,117708303	97.69
chr6,122339268,122340303	chr6,118603726,118603921	10.31
chr6,122339268,122340303	chr6,119079609,119079752	7.85
chr6,122339268,122340303	chr6,119377103,119377765	7.45
chr6,122339268,122340303	chr6,119777300,119778264	5.49
chr6,122339268,122340303	chr6,120912548,120912982	5.09
chr6,122339268,122340303	chr6,121278138,121278413	5.22
chr6,122339268,122340303	chr6,121409878,121410744	10.18
chr6,122339268,122340303	chr6,121458492,121459553	7.48
chr6,122339268,122340303	chr6,122291825,122292769	5.74
chr6,122339268,122340303	chr6,122309362,122309683	5.4
chr6,122339268,122340303	chr6,122516652,122516823	5.15
chr6,122339268,122340303	chr6,122645770,122646010	6.67
chr6,122339268,122340303	chr6,122740820,122740980	5.53
chr6,122339268,122340303	chr6,122849355,122850064	6.03
chr6,122339268,122340303	chr6,122856024,122856131	5.33
chr6,122339268,122340303	chr6,125131820,125132015	5.68
chr6,122339268,122340303	chr6,125492417,125492795	5.94
chr6,122339268,122340303	chr6,125539745,125539867	13.96
chr6,122339268,122340303	chr6,128104709,128106320	6.01
chr6,122339268,122340303	chr6,128598601,128599588	9.51
chr6,122339268,122340303	chr6,130379374,130379608	9.15
chr6,122339268,122340303	chr6,133908323,133908454	54.09
chr6,122339268,122340303	chr6,134829148,134829880	16.45
chr6,122339268,122340303	chr6,137531608,137532914	7.77
chr6,122339268,122340303	chr6,137813071,137813183	58.56
chr6,122339268,122340303	chr6,137919252,137920215	34.05
chr6,122339268,122340303	chr6,138077713,138078765	7.7
chr6,122339268,122340303	chr6,139578233,139578356	15.8
chr6,122339268,122340303	chr6,141113626,141114690	38.45
chr6,122339268,122340303	chr6,142510633,142510920	26.66
chr6,122339268,122340303	chr6,142996552,142997269	38.29
chr6,122339268,122340303	chr6,144049851,144050168	7.12
chr6,122339268,122340303	chr6,145332448,145333227	15.31
chr6,122339268,122340303	chr6,145345277,145345811	7.03
chr6,122339268,122340303	chr6,147452527,147452849	10.97
chr6,122339268,122340303	chr6,148211528,148211756	89.14
chr6,122339268,122340303	chr9,47080397,47080545	23.27
chr6,122707354,122707701	chr1,80621418,80621783	62.14
chr6,122707354,122707701	chr10,13712063,13713834	23.27
chr6,122707354,122707701	chr12,73019748,73020388	6.17
chr6,122707354,122707701	chr13,12313423,12314057	27.84
chr6,122707354,122707701	chr14,81920117,81920666	6.17
chr6,122707354,122707701	chr16,80587176,80588142	14.45
chr6,122707354,122707701	chr6,6883399,6883904	67.32
chr6,122707354,122707701	chr6,8319937,8320114	10.25
chr6,122707354,122707701	chr6,12848461,12848739	52.01
chr6,122707354,122707701	chr6,54035878,54036383	14.53
chr6,122707354,122707701	chr6,72244237,72244467	23.41
chr6,122707354,122707701	chr6,74643541,74643978	6.35
chr6,122707354,122707701	chr6,83070771,83071677	6.46
chr6,122707354,122707701	chr6,83710356,83710597	10.53
chr6,122707354,122707701	chr6,84953241,84953877	23.6
chr6,122707354,122707701	chr6,91789088,91789938	47.5
chr6,122707354,122707701	chr6,98074783,98075253	11
chr6,122707354,122707701	chr6,98514181,98514535	28.63
chr6,122707354,122707701	chr6,105017875,105018750	7.47
chr6,122707354,122707701	chr6,111306848,111307109	69.41
chr6,122707354,122707701	chr6,115355113,115355395	20.57
chr6,122707354,122707701	chr6,116958059,116958493	6.05
chr6,122707354,122707701	chr6,117711802,117712306	9.58
chr6,122707354,122707701	chr6,118011070,118011641	12.1
chr6,122707354,122707701	chr6,118181957,118182151	14.14
chr6,122707354,122707701	chr6,120721409,120721804	5.16
chr6,122707354,122707701	chr6,122449122,122449250	5.93
chr6,122707354,122707701	chr6,122612544,122613147	5.98
chr6,122707354,122707701	chr6,122901261,122901576	6.98
chr6,122707354,122707701	chr6,122928576,122928976	5.32
chr6,122707354,122707701	chr6,122942914,122943157	6.22
chr6,122707354,122707701	chr6,122967537,122968045	5.56
chr6,122707354,122707701	chr6,123111675,123112434	5.21
chr6,122707354,122707701	chr6,123294897,123296798	5.5
chr6,122707354,122707701	chr6,123713285,123713548	6.25
chr6,122707354,122707701	chr6,123891211,123891756	6.11
chr6,122707354,122707701	chr6,124106386,124107343	9.01
chr6,122707354,122707701	chr6,133642291,133643441	8.49
chr6,122707354,122707701	chr6,135234090,135234729	12.24
chr6,122707354,122707701	chr6,139551513,139551859	29.23
chr6,122707354,122707701	chr6,145600430,145600656	15.32
chr6,122707354,122707701	chr6,149537487,149538348	28.49
chr6,122707354,122707701	chr7,120678988,120679351	18.8
chr8,72317488,72319340	chr10,18575802,18576223	62.14
chr8,72317488,72319340	chr11,29222669,29222999	23.27
chr8,72317488,72319340	chr11,85506556,85506666	6.17
chr8,72317488,72319340	chr11,120889389,120889839	6.17
chr8,72317488,72319340	chr12,82156253,82156708	6.17
chr8,72317488,72319340	chr12,83558739,83559832	23.27
chr8,72317488,72319340	chr12,119274378,119278365	6.17
chr8,72317488,72319340	chr15,86368206,86369569	10.23
chr8,72317488,72319340	chr16,18008002,18009480	6.17
chr8,72317488,72319340	chr16,95437725,95438272	6.17
chr8,72317488,72319340	chr17,74714743,74714910	127.13
chr8,72317488,72319340	chr17,88264321,88265624	10.23
chr8,72317488,72319340	chr19,20717640,20719207	18.8
chr8,72317488,72319340	chr2,10297165,10297495	6.17
chr8,72317488,72319340	chr2,11389767,11390235	6.17
chr8,72317488,72319340	chr2,136508962,136509526	10.23
chr8,72317488,72319340	chr2,156778668,156778922	6.17
chr8,72317488,72319340	chr2,167930154,167930281	14.45
chr8,72317488,72319340	chr3,41737092,41737318	6.17
chr8,72317488,72319340	chr4,8800005,8800113	32.51
chr8,72317488,72319340	chr4,82372159,82372482	6.17
chr8,72317488,72319340	chr4,88995623,88995903	6.17
chr8,72317488,72319340	chr4,95701888,95702149	14.45
chr8,72317488,72319340	chr4,108413889,108414623	6.17
chr8,72317488,72319340	chr5,135867977,135868338	14.45
chr8,72317488,72319340	chr6,51334952,51335075	14.45
chr8,72317488,72319340	chr6,115876474,115877275	18.8
chr8,72317488,72319340	chr6,119447846,119448808	6.17
chr8,72317488,72319340	chr6,129093262,129093498	47.01
chr8,72317488,72319340	chr6,145185397,145185588	10.23
chr8,72317488,72319340	chr7,23892272,23894394	10.23
chr8,72317488,72319340	chr7,46619209,46619593	10.23
chr8,72317488,72319340	chr8,5964680,5965691	6.25
chr8,72317488,72319340	chr8,8047040,8047285	23.4
chr8,72317488,72319340	chr8,11655174,11655807	14.55
chr8,72317488,72319340	chr8,22464011,22465261	10.4
chr8,72317488,72319340	chr8,34151106,34151389	6.48
chr8,72317488,72319340	chr8,34807995,34808956	14.78
chr8,72317488,72319340	chr8,35105897,35106489	19.13
chr8,72317488,72319340	chr8,40937375,40937787	32.99
chr8,72317488,72319340	chr8,60723814,60723960	8.34
chr8,72317488,72319340	chr8,60752769,60752979	12.39
chr8,72317488,72319340	chr8,66500754,66500857	99.32
chr8,72317488,72319340	chr8,67273309,67273488	17.73
chr8,72317488,72319340	chr8,68793603,68794105	9.17
chr8,72317488,72319340	chr8,69240187,69240737	13.71
chr8,72317488,72319340	chr8,71633041,71633183	5.57
chr8,72317488,72319340	chr8,71754157,71754699	5.94
chr8,72317488,72319340	chr8,72092141,72092952	7.29
chr8,72317488,72319340	chr8,72176430,72176655	5.32
chr8,72317488,72319340	chr8,72577462,72578791	5.21
chr8,72317488,72319340	chr8,74291387,74291734	8.69
chr8,72317488,72319340	chr8,79050536,79050697	21.03
chr8,72317488,72319340	chr8,83671842,83671985	134.5
chr8,72317488,72319340	chr8,85110045,85110255	48.9
chr8,72317488,72319340	chr8,85442718,85442972	16.33
chr8,72317488,72319340	chr8,87955558,87956709	26.85
chr8,72317488,72319340	chr8,90110732,90111449	29.12
chr8,72317488,72319340	chr8,95927947,95928588	24.07
chr8,72317488,72319340	chr8,104392274,104392697	42.56
chr8,72317488,72319340	chr8,107451917,107452040	6.54
chr8,72317488,72319340	chr8,110662029,110662688	42.41
chr8,72317488,72319340	chr8,110700620,110701643	6.48
chr8,72317488,72319340	chr8,111120736,111120890	19.1
chr8,72317488,72319340	chr8,111753308,111753715	6.46
chr8,72317488,72319340	chr8,113651853,113652980	6.43
chr8,72317488,72319340	chr8,115101660,115102137	10.47
chr8,72317488,72319340	chr8,119531095,119531774	14.64
chr8,72317488,72319340	chr8,120494940,120496299	10.42
chr8,72317488,72319340	chr8,123986367,123986644	18.96
chr8,72317488,72319340	chr9,64932810,64933607	14.45
chr8,72317488,72319340	chr9,109095580,109095725	99.31
chr8,72317488,72319340	chrX,84070249,84070539	27.84
chr8,72317488,72319340	chrX,113831838,113831974	57.03
chr8,72317488,72319340	chrX,154445953,154446064	23.27
chr9,78368132,78368522	chr10,60978966,60979857	6.17
chr9,78368132,78368522	chr10,125758822,125759216	14.45
chr9,78368132,78368522	chr10,127618388,127619793	14.45
chr9,78368132,78368522	chr11,54168033,54169151	14.45
chr9,78368132,78368522	chr11,95388545,95389236	6.17
chr9,78368132,78368522	chr12,33006592,33007406	23.27
chr9,78368132,78368522	chr13,25074032,25074430	6.17
chr9,78368132,78368522	chr14,74815689,74815938	6.17
chr9,78368132,78368522	chr15,38673513,38673793	10.23
chr9,78368132,78368522	chr15,98758123,98758849	62.14
chr9,78368132,78368522	chr16,18166026,18166774	32.51
chr9,78368132,78368522	chr16,43677643,43678492	23.27
chr9,78368132,78368522	chr19,49317944,49318662	27.84
chr9,78368132,78368522	chr3,89034982,89035852	6.17
chr9,78368132,78368522	chr3,146887655,146888731	14.45
chr9,78368132,78368522	chr4,105675083,105675798	27.84
chr9,78368132,78368522	chr5,121932864,121932986	32.51
chr9,78368132,78368522	chr6,53689440,53689983	14.45
chr9,78368132,78368522	chr6,83455285,83457518	10.23
chr9,78368132,78368522	chr7,81612679,81612842	42.1
chr9,78368132,78368522	chr7,101135564,101136247	10.23
chr9,78368132,78368522	chr9,16957460,16957949	6.27
chr9,78368132,78368522	chr9,21862296,21863526	10.36
chr9,78368132,78368522	chr9,23792415,23792698	52.13
chr9,78368132,78368522	chr9,30785263,30786010	10.42
chr9,78368132,78368522	chr9,40328461,40329188	62.45
chr9,78368132,78368522	chr9,45370552,45372522	10.66
chr9,78368132,78368522	chr9,47236726,47237442	6.65
chr9,78368132,78368522	chr9,57562864,57563823	19.82
chr9,78368132,78368522	chr9,62994148,62995232	7.75
chr9,78368132,78368522	chr9,66194035,66194468	8.25
chr9,78368132,78368522	chr9,67693399,67693683	12.59
chr9,78368132,78368522	chr9,71735572,71735909	13.22
chr9,78368132,78368522	chr9,73461467,73461995	16.97
chr9,78368132,78368522	chr9,75581678,75582517	7.45
chr9,78368132,78368522	chr9,78037119,78037328	5.17
chr9,78368132,78368522	chr9,78094717,78095192	6.59
chr9,78368132,78368522	chr9,78420464,78421100	5.09
chr9,78368132,78368522	chr9,78482967,78483379	5.4
chr9,78368132,78368522	chr9,78491308,78491743	5.98
chr9,78368132,78368522	chr9,78514750,78515314	5.8
chr9,78368132,78368522	chr9,78575296,78576664	5.96
chr9,78368132,78368522	chr9,101976920,101977973	15.27
chr9,78368132,78368522	chr9,106029800,106030159	10.85
chr9,78368132,78368522	chr9,111863002,111863987	23.67
chr9,78368132,78368522	chr9,114384730,114385015	6.52
chr9,78368132,78368522	chr9,117473466,117473974	10.53
chr9,78368132,78368522	chr9,118420650,118421213	42.38
chr9,78368132,78368522	chr9,119759797,119760178	14.71
