chr1,118628128,118629090	chr1,67405195,67405320	23.23
chr1,118628128,118629090	chr1,103766130,103766289	156.37
chr1,118628128,118629090	chr1,106680369,106681419	8.17
chr1,118628128,118629090	chr1,113938307,113941051	6.19
chr1,118628128,118629090	chr1,114415150,114417178	6.26
chr1,118628128,118629090	chr1,118046057,118046447	9.36
chr1,118628128,118629090	chr1,118693844,118695057	6.14
chr1,118628128,118629090	chr1,119547631,119548007	12.29
chr1,118628128,118629090	chr1,119920871,119922603	5.8
chr1,118628128,118629090	chr1,120154823,120156455	13.73
chr1,118628128,118629090	chr1,121773521,121774046	8.04
chr1,118628128,118629090	chr1,125253031,125253582	15.75
chr1,118628128,118629090	chr1,131866974,131867663	100.43
chr1,118628128,118629090	chr1,132242726,132243270	34.06
chr1,118628128,118629090	chr1,134138268,134138658	15.84
chr1,118628128,118629090	chr1,136650532,136650931	24.32
chr1,118628128,118629090	chr1,136854928,136855825	38.23
chr1,118628128,118629090	chr1,138137004,138138036	11.22
chr1,118628128,118629090	chr1,157400874,157401042	10.4
chr1,118628128,118629090	chr1,162637357,162639079	6.29
chr1,118628128,118629090	chr1,169583037,169583492	18.79
chr1,118628128,118629090	chr1,178567335,178568278	27.73
chr1,118628128,118629090	chr10,30747461,30747661	10.1
chr1,118628128,118629090	chr12,102383261,102384568	98.78
chr1,118628128,118629090	chr13,96768244,96769309	6.06
chr1,118628128,118629090	chr2,49717446,49719000	61.76
chr1,118628128,118629090	chr3,65270939,65271299	6.06
chr1,118628128,118629090	chr5,147078502,147079202	41.82
chr1,118628128,118629090	chr7,100823444,100823956	41.82
chr1,118628128,118629090	chr7,120619718,120619999	6.06
chr1,118628128,118629090	chr8,15424101,15424205	23.07
chr1,118628128,118629090	chr9,90296924,90297130	10.1
chr11,100938874,100939386	chr10,68444370,68445217	208.24
chr11,100938874,100939386	chr11,76182217,76184464	10.85
chr11,100938874,100939386	chr11,78914275,78914456	6.98
chr11,100938874,100939386	chr11,87082646,87083002	11.78
chr11,100938874,100939386	chr11,90668130,90668451	12.01
chr11,100938874,100939386	chr11,95460298,95461531	11.75
chr11,100938874,100939386	chr11,96888615,96889554	5.21
chr11,100938874,100939386	chr11,97246957,97247551	101.8
chr11,100938874,100939386	chr11,98110559,98110769	9.1
chr11,100938874,100939386	chr11,99228728,99229722	6.19
chr11,100938874,100939386	chr11,99399427,99400674	8.57
chr11,100938874,100939386	chr11,99526823,99527888	7.2
chr11,100938874,100939386	chr11,100475763,100475891	5.26
chr11,100938874,100939386	chr11,100682374,100682866	5.32
chr11,100938874,100939386	chr11,100868104,100868586	5.09
chr11,100938874,100939386	chr11,100885277,100885873	5.01
chr11,100938874,100939386	chr11,100955733,100956351	5.16
chr11,100938874,100939386	chr11,101080024,101080247	5.08
chr11,100938874,100939386	chr11,101086883,101087246	8.08
chr11,100938874,100939386	chr11,101204893,101205896	5.49
chr11,100938874,100939386	chr13,33998931,33999643	46.7
chr11,100938874,100939386	chr15,89167210,89168240	23.07
chr11,100938874,100939386	chr16,19741576,19741855	51.66
chr11,100938874,100939386	chr16,50891067,50891500	41.82
chr11,100938874,100939386	chr3,87690940,87691211	6.06
chr11,100938874,100939386	chr3,102567954,102568594	10.1
chr11,100938874,100939386	chr4,34869153,34869849	282.02
chr11,100938874,100939386	chr5,103310993,103313632	6.06
chr11,100938874,100939386	chr5,143153612,143154078	190.29
chr11,100938874,100939386	chr6,58498316,58498547	14.3
chr11,100938874,100939386	chr8,119839262,119839897	32.27
chr12,86419274,86422913	chr1,89294265,89294662	18.63
chr12,86419274,86422913	chr1,186768508,186768735	23.07
chr12,86419274,86422913	chr10,66902922,66904431	371.35
chr12,86419274,86422913	chr10,128074014,128074227	6.06
chr12,86419274,86422913	chr11,59136621,59137196	18.63
chr12,86419274,86422913	chr11,70644764,70645086	32.27
chr12,86419274,86422913	chr11,108752598,108753679	10.1
chr12,86419274,86422913	chr12,4158994,4159297	10.15
chr12,86419274,86422913	chr12,5325147,5325375	6.11
chr12,86419274,86422913	chr12,5835981,5836299	10.15
chr12,86419274,86422913	chr12,10213963,10214262	14.35
chr12,86419274,86422913	chr12,14918600,14919018	18.69
chr12,86419274,86422913	chr12,26237349,26237498	10.2
chr12,86419274,86422913	chr12,28373946,28374603	14.41
chr12,86419274,86422913	chr12,40662115,40663345	88.11
chr12,86419274,86422913	chr12,44552025,44552488	18.86
chr12,86419274,86422913	chr12,45356458,45358425	10.35
chr12,86419274,86422913	chr12,50386409,50386566	14.62
chr12,86419274,86422913	chr12,54315851,54316346	6.5
chr12,86419274,86422913	chr12,57355693,57355822	14.79
chr12,86419274,86422913	chr12,62217420,62218550	10.8
chr12,86419274,86422913	chr12,64102513,64103860	6.91
chr12,86419274,86422913	chr12,64713370,64713696	342.11
chr12,86419274,86422913	chr12,67731579,67732664	24.31
chr12,86419274,86422913	chr12,69419941,69420454	23.27
chr12,86419274,86422913	chr12,70334705,70335729	93.36
chr12,86419274,86422913	chr12,70547293,70548009	14.18
chr12,86419274,86422913	chr12,70655928,70656790	7.33
chr12,86419274,86422913	chr12,70685898,70686301	14.14
chr12,86419274,86422913	chr12,73549151,73549707	7.38
chr12,86419274,86422913	chr12,75766162,75766305	9.61
chr12,86419274,86422913	chr12,80526622,80526923	8.18
chr12,86419274,86422913	chr12,80615255,80615454	6.76
chr12,86419274,86422913	chr12,81313395,81313952	9.74
chr12,86419274,86422913	chr12,81776438,81777137	26.08
chr12,86419274,86422913	chr12,82666273,82666575	105.21
chr12,86419274,86422913	chr12,83242520,83243222	5.43
chr12,86419274,86422913	chr12,84268361,84270718	5.4
chr12,86419274,86422913	chr12,84552773,84553189	19.63
chr12,86419274,86422913	chr12,84745669,84746055	5.5
chr12,86419274,86422913	chr12,85463047,85463583	7.97
chr12,86419274,86422913	chr12,85919529,85920489	5.13
chr12,86419274,86422913	chr12,85988515,85988969	6.86
chr12,86419274,86422913	chr12,86070287,86070653	8.85
chr12,86419274,86422913	chr12,86336099,86338323	5.8
chr12,86419274,86422913	chr12,86461906,86462267	6.35
chr12,86419274,86422913	chr12,86616262,86616862	7.78
chr12,86419274,86422913	chr12,89041754,89041874	7.17
chr12,86419274,86422913	chr12,91018527,91018707	12.07
chr12,86419274,86422913	chr12,91138851,91140175	7.03
chr12,86419274,86422913	chr12,91430075,91430648	7.32
chr12,86419274,86422913	chr12,94861821,94861980	8.49
chr12,86419274,86422913	chr12,96441052,96441371	7.03
chr12,86419274,86422913	chr12,98243152,98244035	17.03
chr12,86419274,86422913	chr12,98694619,98695602	10.23
chr12,86419274,86422913	chr12,102986000,102986577	20.23
chr12,86419274,86422913	chr12,103132481,103132922	17.45
chr12,86419274,86422913	chr12,104146163,104146532	14.6
chr12,86419274,86422913	chr12,104277493,104278776	17.89
chr12,86419274,86422913	chr12,104779674,104780198	11
chr12,86419274,86422913	chr12,105983558,105983682	37.89
chr12,86419274,86422913	chr12,106671756,106672098	7.04
chr12,86419274,86422913	chr12,108373145,108374608	18.85
chr12,86419274,86422913	chr12,108468135,108468337	18.86
chr12,86419274,86422913	chr12,112487522,112488070	10.73
chr12,86419274,86422913	chr12,113179235,113179494	47.23
chr12,86419274,86422913	chr12,117693402,117693923	6.52
chr12,86419274,86422913	chr12,117812018,117812505	344.6
chr12,86419274,86422913	chr12,117985729,117986170	28.05
chr12,86419274,86422913	chr12,118598908,118599110	166.72
chr12,86419274,86422913	chr13,31161190,31161618	6.06
chr12,86419274,86422913	chr13,31273193,31273402	37
chr12,86419274,86422913	chr13,46287736,46288316	46.7
chr12,86419274,86422913	chr13,51435028,51435290	6.06
chr12,86419274,86422913	chr14,56201973,56202898	238.63
chr12,86419274,86422913	chr16,92099480,92099697	6.06
chr12,86419274,86422913	chr17,83774166,83774918	37
chr12,86419274,86422913	chr18,26346885,26347132	18.63
chr12,86419274,86422913	chr18,43048546,43048712	10.1
chr12,86419274,86422913	chr19,22950017,22950159	18.63
chr12,86419274,86422913	chr19,25910334,25910680	37
chr12,86419274,86422913	chr19,34820307,34821727	23.07
chr12,86419274,86422913	chr19,40691173,40691623	184.35
chr12,86419274,86422913	chr2,49579214,49579342	46.7
chr12,86419274,86422913	chr2,78810421,78810582	66.9
chr12,86419274,86422913	chr2,115629222,115629647	14.3
chr12,86419274,86422913	chr3,28986455,28986926	104.25
chr12,86419274,86422913	chr3,129662756,129662870	10.1
chr12,86419274,86422913	chr4,33629865,33630047	6.06
chr12,86419274,86422913	chr4,34024690,34024866	18.63
chr12,86419274,86422913	chr4,75041254,75041687	6.06
chr12,86419274,86422913	chr5,133777806,133778773	27.62
chr12,86419274,86422913	chr6,28961991,28962544	14.3
chr12,86419274,86422913	chr6,38370937,38372385	120.88
chr12,86419274,86422913	chr6,57600146,57600407	27.62
chr12,86419274,86422913	chr7,75701780,75702280	23.07
chr12,86419274,86422913	chr7,117709627,117711559	23.07
chr12,86419274,86422913	chr7,119300134,119300400	10.1
chr12,86419274,86422913	chr7,140853863,140854105	456.86
chr12,86419274,86422913	chr7,144461896,144462182	14.3
chr12,86419274,86422913	chr8,68631199,68632025	14.3
chr12,86419274,86422913	chr9,104443116,104443793	14.3
chr12,86419274,86422913	chr9,123314351,123314880	10.1
chr15,7128930,7130283	chr14,20751352,20751885	98.78
chr15,7128930,7130283	chr15,3503045,3504860	5.48
chr15,7128930,7130283	chr15,3778087,3778683	29.04
chr15,7128930,7130283	chr15,4250102,4250848	21.26
chr15,7128930,7130283	chr15,6966442,6966843	5.05
chr15,7128930,7130283	chr15,7283093,7283565	6.7
chr15,7128930,7130283	chr15,7375023,7375265	6.04
chr15,7128930,7130283	chr15,7446863,7447015	5.65
chr15,7128930,7130283	chr15,7848733,7850439	6.69
chr15,7128930,7130283	chr15,10130905,10131445	5.96
chr15,7128930,7130283	chr15,10136555,10136781	5.02
chr15,7128930,7130283	chr15,17132775,17133438	11.07
chr15,7128930,7130283	chr15,17545666,17546031	8.01
chr15,7128930,7130283	chr15,22925938,22926556	43.11
chr15,7128930,7130283	chr15,23167799,23167995	25.99
chr15,7128930,7130283	chr15,24089746,24089916	11.36
chr15,7128930,7130283	chr15,31747498,31747669	23.73
chr15,7128930,7130283	chr15,39105266,39105533	42.24
chr15,7128930,7130283	chr15,41399088,41399445	47.07
chr15,7128930,7130283	chr15,62799913,62801094	10.23
chr15,7128930,7130283	chr15,73625505,73626150	18.71
chr15,7128930,7130283	chr16,85743225,85743885	46.7
chr15,7128930,7130283	chr17,15355095,15356097	41.82
chr15,7128930,7130283	chr19,43503003,43503194	104.25
chr15,7128930,7130283	chr2,37107323,37107556	6.06
chr15,7128930,7130283	chr4,19866830,19868042	137.83
chr15,7128930,7130283	chr6,6426291,6426743	6.06
chr15,7128930,7130283	chr7,78019330,78019585	41.82
chr15,7128930,7130283	chr9,29090770,29091136	109.75
chr16,10479663,10480580	chr1,175177318,175177846	72.1
chr16,10479663,10480580	chr10,106680155,106680540	56.68
chr16,10479663,10480580	chr10,125892636,125893380	6.06
chr16,10479663,10480580	chr11,76699813,76700132	10.1
chr16,10479663,10480580	chr12,108407693,108407859	46.7
chr16,10479663,10480580	chr13,6869781,6870834	56.68
chr16,10479663,10480580	chr13,48787908,48788150	10.1
chr16,10479663,10480580	chr13,74911932,74912675	14.3
chr16,10479663,10480580	chr13,96984097,96984953	10.1
chr16,10479663,10480580	chr14,18290448,18290723	18.63
chr16,10479663,10480580	chr14,111119524,111119802	41.82
chr16,10479663,10480580	chr15,40229752,40232565	436.93
chr16,10479663,10480580	chr15,41548458,41549380	10.1
chr16,10479663,10480580	chr15,79739305,79740330	32.27
chr16,10479663,10480580	chr15,88747658,88747834	37
chr16,10479663,10480580	chr16,3820847,3821261	16.39
chr16,10479663,10480580	chr16,4118969,4119264	15.88
chr16,10479663,10480580	chr16,5117824,5118175	312.98
chr16,10479663,10480580	chr16,5201605,5202252	19.04
chr16,10479663,10480580	chr16,7728015,7728873	6.4
chr16,10479663,10480580	chr16,8422293,8422667	7.89
chr16,10479663,10480580	chr16,9780151,9781499	5.47
chr16,10479663,10480580	chr16,10822384,10822499	5.03
chr16,10479663,10480580	chr16,11096046,11096796	9.58
chr16,10479663,10480580	chr16,11109565,11110603	5.74
chr16,10479663,10480580	chr16,11508212,11508580	5.48
chr16,10479663,10480580	chr16,12038677,12038796	6.63
chr16,10479663,10480580	chr16,12564137,12564358	6.99
chr16,10479663,10480580	chr16,16875863,16876173	19
chr16,10479663,10480580	chr16,17015357,17016564	9.81
chr16,10479663,10480580	chr16,17246938,17247684	21.38
chr16,10479663,10480580	chr16,23488762,23489441	11.07
chr16,10479663,10480580	chr16,33671217,33671702	62.42
chr16,10479663,10480580	chr16,34122002,34123311	6.85
chr16,10479663,10480580	chr16,37033856,37034534	110.13
chr16,10479663,10480580	chr16,38125014,38125270	62.26
chr16,10479663,10480580	chr16,38959916,38960619	214.25
chr16,10479663,10480580	chr16,40331081,40332351	351.34
chr16,10479663,10480580	chr16,58730859,58731636	10.28
chr16,10479663,10480580	chr16,63437309,63437838	51.79
chr16,10479663,10480580	chr16,63504607,63507154	384.28
chr16,10479663,10480580	chr16,76344287,76344561	32.35
chr16,10479663,10480580	chr16,91369413,91370023	6.11
chr16,10479663,10480580	chr16,96706986,96707747	10.14
chr16,10479663,10480580	chr17,24953491,24953772	18.63
chr16,10479663,10480580	chr17,67290243,67290634	41.82
chr16,10479663,10480580	chr18,21107005,21107995	32.27
chr16,10479663,10480580	chr18,38202688,38203265	14.3
chr16,10479663,10480580	chr18,38661826,38662617	14.3
chr16,10479663,10480580	chr2,3247503,3247996	41.82
chr16,10479663,10480580	chr2,90744806,90745487	72.1
chr16,10479663,10480580	chr2,180611049,180611409	46.7
chr16,10479663,10480580	chr4,122938668,122938888	14.3
chr16,10479663,10480580	chr5,43813987,43814743	37
chr16,10479663,10480580	chr5,53353025,53353238	18.63
chr16,10479663,10480580	chr5,105529115,105529654	339.09
chr16,10479663,10480580	chr6,8471843,8472049	196.25
chr16,10479663,10480580	chr6,17589238,17590886	326.29
chr16,10479663,10480580	chr9,10074161,10074910	82.63
chr16,10479663,10480580	chrX,112689084,112690469	32.27
chr16,10486858,10489086	chr1,6881326,6881769	37
chr16,10486858,10489086	chr1,9515621,9515809	27.62
chr16,10486858,10489086	chr1,126556590,126556705	14.3
chr16,10486858,10489086	chr1,135690745,135691174	41.82
chr16,10486858,10489086	chr1,155865549,155866119	6.06
chr16,10486858,10489086	chr1,156631069,156631397	244.77
chr16,10486858,10489086	chr1,157069712,157069902	27.62
chr16,10486858,10489086	chr10,44902089,44903382	14.3
chr16,10486858,10489086	chr11,61913762,61915574	208.24
chr16,10486858,10489086	chr11,79688329,79688896	51.66
chr16,10486858,10489086	chr13,79075322,79075679	6.06
chr16,10486858,10489086	chr13,92115432,92115809	27.62
chr16,10486858,10489086	chr14,32189503,32189861	41.82
chr16,10486858,10489086	chr14,70087799,70088374	27.62
chr16,10486858,10489086	chr15,15308337,15309103	6.06
chr16,10486858,10489086	chr15,51818004,51818497	202.24
chr16,10486858,10489086	chr15,100819906,100820065	6.06
chr16,10486858,10489086	chr16,4108305,4108793	9.32
chr16,10486858,10489086	chr16,5701943,5702139	6.52
chr16,10486858,10489086	chr16,6206959,6207291	10.35
chr16,10486858,10489086	chr16,8468858,8469293	7.48
chr16,10486858,10489086	chr16,8890543,8891392	17.52
chr16,10486858,10489086	chr16,9243263,9244480	5.55
chr16,10486858,10489086	chr16,9934235,9934640	5.71
chr16,10486858,10489086	chr16,10077941,10078120	6.47
chr16,10486858,10489086	chr16,10106491,10108336	5.08
chr16,10486858,10489086	chr16,10277251,10277432	5.21
chr16,10486858,10489086	chr16,10288378,10288500	7.51
chr16,10486858,10489086	chr16,10290924,10291212	6.03
chr16,10486858,10489086	chr16,10314100,10314438	7.88
chr16,10486858,10489086	chr16,10444768,10445254	6.28
chr16,10486858,10489086	chr16,10449142,10450079	6.3
chr16,10486858,10489086	chr16,10510144,10510525	5.18
chr16,10486858,10489086	chr16,10810164,10810969	8.4
chr16,10486858,10489086	chr16,11103492,11104117	5.2
chr16,10486858,10489086	chr16,11391961,11392160	8.22
chr16,10486858,10489086	chr16,11424509,11425623	11.51
chr16,10486858,10489086	chr16,11639327,11639780	11.34
chr16,10486858,10489086	chr16,13264938,13265399	7.51
chr16,10486858,10489086	chr16,13424870,13425829	28.6
chr16,10486858,10489086	chr16,13634576,13634769	5.09
chr16,10486858,10489086	chr16,14129973,14130196	6.46
chr16,10486858,10489086	chr16,15050782,15051797	261.26
chr16,10486858,10489086	chr16,15119076,15119181	127.33
chr16,10486858,10489086	chr16,16946307,16946981	12.47
chr16,10486858,10489086	chr16,17518985,17519168	368.75
chr16,10486858,10489086	chr16,18373193,18373343	6.81
chr16,10486858,10489086	chr16,18889306,18889870	14.8
chr16,10486858,10489086	chr16,20685198,20686020	106.68
chr16,10486858,10489086	chr16,24170277,24170514	21.99
chr16,10486858,10489086	chr16,25036084,25036247	120.31
chr16,10486858,10489086	chr16,29118667,29119348	52.54
chr16,10486858,10489086	chr16,32521915,32522421	184.07
chr16,10486858,10489086	chr16,33301085,33302863	6.89
chr16,10486858,10489086	chr16,35242902,35243413	6.79
chr16,10486858,10489086	chr16,45242996,45243212	263.17
chr16,10486858,10489086	chr16,45733051,45733246	32.61
chr16,10486858,10489086	chr16,52044247,52044679	32.51
chr16,10486858,10489086	chr16,52386999,52387747	27.86
chr16,10486858,10489086	chr16,57738485,57739086	23.21
chr16,10486858,10489086	chr16,78034754,78034861	37.08
chr16,10486858,10489086	chr16,94167297,94168029	18.67
chr16,10486858,10489086	chr16,97823348,97826260	23.08
chr16,10486858,10489086	chr16,97923769,97924196	23.11
chr16,10486858,10489086	chr17,34235428,34236493	6.06
chr16,10486858,10489086	chr17,76037103,76037274	6.06
chr16,10486858,10489086	chr17,89350237,89350798	41.82
chr16,10486858,10489086	chr18,7657574,7658609	23.07
chr16,10486858,10489086	chr18,53380341,53380512	32.27
chr16,10486858,10489086	chr19,41932516,41932914	326.29
chr16,10486858,10489086	chr3,111865706,111866536	115.3
chr16,10486858,10489086	chr4,14928659,14928864	23.07
chr16,10486858,10489086	chr4,83501609,83501791	208.24
chr16,10486858,10489086	chr4,136326243,136326872	23.07
chr16,10486858,10489086	chr4,150304871,150305036	27.62
chr16,10486858,10489086	chr5,29017233,29017935	6.06
chr16,10486858,10489086	chr5,44086615,44086821	23.07
chr16,10486858,10489086	chr5,118802381,118802882	202.24
chr16,10486858,10489086	chr5,125382164,125383200	10.1
chr16,10486858,10489086	chr5,146829470,146829876	6.06
chr16,10486858,10489086	chr6,17519263,17519608	87.97
chr16,10486858,10489086	chr6,108191115,108191407	10.1
chr16,10486858,10489086	chr6,111718374,111718752	6.06
chr16,10486858,10489086	chr6,112384742,112384911	6.06
chr16,10486858,10489086	chr6,120158334,120158442	27.62
chr16,10486858,10489086	chr6,145464779,145465474	87.97
chr16,10486858,10489086	chr7,20063809,20064301	132.14
chr16,10486858,10489086	chr7,44346628,44347008	14.3
chr16,10486858,10489086	chr7,49445630,49446342	6.06
chr16,10486858,10489086	chr7,65765736,65765995	14.3
chr16,10486858,10489086	chr8,35953119,35953275	23.07
chr16,10486858,10489086	chr9,15097085,15097310	23.07
chr16,10486858,10489086	chr9,44492939,44493309	23.07
chr16,10486858,10489086	chr9,46349410,46351172	14.3
chr16,10489551,10489878	chr1,13134287,13135176	10.1
chr16,10489551,10489878	chr1,36474736,36475069	14.3
chr16,10489551,10489878	chr1,159594318,159594585	18.63
chr16,10489551,10489878	chr10,8778440,8779206	14.3
chr16,10489551,10489878	chr10,38721627,38721834	14.3
chr16,10489551,10489878	chr10,72456022,72456327	6.06
chr16,10489551,10489878	chr11,55397678,55398563	14.3
chr16,10489551,10489878	chr11,72525165,72526321	109.75
chr16,10489551,10489878	chr12,3705302,3706143	14.3
chr16,10489551,10489878	chr13,46977004,46977727	51.66
chr16,10489551,10489878	chr13,91093811,91093983	6.06
chr16,10489551,10489878	chr14,60197488,60197853	23.07
chr16,10489551,10489878	chr15,6484822,6485152	18.63
chr16,10489551,10489878	chr15,9529364,9529601	32.27
chr16,10489551,10489878	chr15,40722827,40723321	14.3
chr16,10489551,10489878	chr15,57888684,57890053	450.21
chr16,10489551,10489878	chr16,8522630,8523022	5.43
chr16,10489551,10489878	chr16,8534857,8535710	7.07
chr16,10489551,10489878	chr16,8790918,8791135	5.12
chr16,10489551,10489878	chr16,9762223,9762877	5.13
chr16,10489551,10489878	chr16,10257726,10258215	9.39
chr16,10489551,10489878	chr16,10271453,10271595	5.35
chr16,10489551,10489878	chr16,10792957,10793332	5.36
chr16,10489551,10489878	chr16,11248096,11248197	5.13
chr16,10489551,10489878	chr16,11647385,11648564	5.61
chr16,10489551,10489878	chr16,11808097,11808834	5.83
chr16,10489551,10489878	chr16,12037243,12037901	6.64
chr16,10489551,10489878	chr16,14200142,14201335	8.82
chr16,10489551,10489878	chr16,14319895,14321494	7.88
chr16,10489551,10489878	chr16,18196470,18196858	25.76
chr16,10489551,10489878	chr16,18673087,18674047	12.34
chr16,10489551,10489878	chr16,21928565,21929067	38.68
chr16,10489551,10489878	chr16,22398371,22398767	57.97
chr16,10489551,10489878	chr16,22791953,22792278	23.03
chr16,10489551,10489878	chr16,26794840,26795175	249.47
chr16,10489551,10489878	chr16,29778748,29779851	62.69
chr16,10489551,10489878	chr16,37408347,37409289	37.6
chr16,10489551,10489878	chr16,37677047,37677335	10.72
chr16,10489551,10489878	chr16,38644563,38645164	52.19
chr16,10489551,10489878	chr16,41445260,41445514	14.77
chr16,10489551,10489878	chr16,43315215,43316347	10.53
chr16,10489551,10489878	chr16,43654757,43655383	52.05
chr16,10489551,10489878	chr16,44523345,44523875	476.47
chr16,10489551,10489878	chr16,56567259,56568126	282.07
chr16,10489551,10489878	chr16,57304833,57305228	18.81
chr16,10489551,10489878	chr16,60616685,60617350	32.43
chr16,10489551,10489878	chr16,90370744,90371705	417.11
chr16,10489551,10489878	chr18,7920582,7920701	37
chr16,10489551,10489878	chr18,36265162,36265566	470.21
chr16,10489551,10489878	chr18,39088873,39089802	10.1
chr16,10489551,10489878	chr19,5486514,5486805	51.66
chr16,10489551,10489878	chr19,36445568,36449780	27.62
chr16,10489551,10489878	chr2,126519755,126520551	18.63
chr16,10489551,10489878	chr2,156286940,156287423	10.1
chr16,10489551,10489878	chr4,46148287,46148704	14.3
chr16,10489551,10489878	chr4,50138503,50138909	18.63
chr16,10489551,10489878	chr4,110982051,110982231	10.1
chr16,10489551,10489878	chr5,28662276,28662564	27.62
chr16,10489551,10489878	chr5,81724097,81724444	10.1
chr16,10489551,10489878	chr5,91203825,91204717	172.55
chr16,10489551,10489878	chr6,6474226,6475044	6.06
chr16,10489551,10489878	chr6,25766565,25767470	37
chr16,10489551,10489878	chr6,34320141,34320371	37
chr16,10489551,10489878	chr6,48751875,48752055	10.1
chr16,10489551,10489878	chr7,21130767,21131076	10.1
chr16,10489551,10489878	chr7,28050681,28051232	10.1
chr16,10489551,10489878	chr7,138407688,138407963	6.06
chr16,10489551,10489878	chr8,122589494,122589674	510.52
chr16,10489551,10489878	chr9,30401920,30402440	23.07
chr16,10489551,10489878	chr9,33470320,33470566	6.06
chr16,10489551,10489878	chr9,35533810,35534256	10.1
chr16,10489551,10489878	chr9,79238635,79238843	10.1
chr2,168766420,168767218	chr10,117135462,117137576	72.1
chr2,168766420,168767218	chr12,81129531,81131478	66.9
chr2,168766420,168767218	chr13,43920875,43921055	6.06
chr2,168766420,168767218	chr13,46117670,46118058	41.82
chr2,168766420,168767218	chr13,104296319,104297292	6.06
chr2,168766420,168767218	chr15,10567313,10567721	6.06
chr2,168766420,168767218	chr15,67942875,67944895	10.1
chr2,168766420,168767218	chr18,54069256,54069515	66.9
chr2,168766420,168767218	chr18,56482500,56482619	6.06
chr2,168766420,168767218	chr18,88958623,88959672	6.06
chr2,168766420,168767218	chr2,52437270,52437519	14.32
chr2,168766420,168767218	chr2,68277714,68278175	37.03
chr2,168766420,168767218	chr2,76088279,76088731	10.14
chr2,168766420,168767218	chr2,80030250,80030667	172.58
chr2,168766420,168767218	chr2,107853504,107854023	6.16
chr2,168766420,168767218	chr2,112670625,112671350	14.42
chr2,168766420,168767218	chr2,117772098,117773411	443.57
chr2,168766420,168767218	chr2,124811342,124811671	6.28
chr2,168766420,168767218	chr2,125624307,125624945	51.88
chr2,168766420,168767218	chr2,127428293,127428399	18.88
chr2,168766420,168767218	chr2,145312138,145312841	23.8
chr2,168766420,168767218	chr2,154001321,154002045	26.97
chr2,168766420,168767218	chr2,154521536,154521796	11.67
chr2,168766420,168767218	chr2,155788498,155788663	7.89
chr2,168766420,168767218	chr2,159316158,159316827	16.9
chr2,168766420,168767218	chr2,167693517,167694856	5.73
chr2,168766420,168767218	chr2,167752867,167755294	13.88
chr2,168766420,168767218	chr2,168374060,168374372	5.58
chr2,168766420,168767218	chr2,168653599,168653783	8.31
chr2,168766420,168767218	chr2,168811774,168813085	5.91
chr2,168766420,168767218	chr2,168873709,168874002	5.05
chr2,168766420,168767218	chr2,168912012,168912665	6.57
chr2,168766420,168767218	chr2,168996118,168996552	6.72
chr2,168766420,168767218	chr2,169023208,169023655	6.29
chr2,168766420,168767218	chr2,169060042,169060746	5.76
chr2,168766420,168767218	chr2,169064008,169064378	5.19
chr2,168766420,168767218	chr2,169078151,169079676	9.69
chr2,168766420,168767218	chr2,170138168,170138683	14.48
chr2,168766420,168767218	chr2,171341213,171341548	125.78
chr2,168766420,168767218	chr2,172897288,172898255	17.26
chr2,168766420,168767218	chr2,174472235,174472626	193.75
chr2,168766420,168767218	chr2,174864713,174865287	9.71
chr2,168766420,168767218	chr2,178093409,178094113	186.08
chr2,168766420,168767218	chr2,179787845,179788381	20.81
chr2,168766420,168767218	chr2,180124935,180125204	8.1
chr2,168766420,168767218	chr3,125844016,125844486	14.3
chr2,168766420,168767218	chr3,137027944,137029120	6.06
chr2,168766420,168767218	chr3,145821604,145821732	27.62
chr2,168766420,168767218	chr4,123156764,123157388	6.06
chr2,168766420,168767218	chr4,134498630,134499977	61.76
chr2,168766420,168767218	chr4,149074505,149075057	14.3
chr2,168766420,168767218	chr5,123460393,123460984	98.78
chr2,168766420,168767218	chr5,133786676,133787349	6.06
chr2,168766420,168767218	chr5,146134850,146136240	27.62
chr2,168766420,168767218	chr7,111276139,111276757	155.06
chr2,168766420,168767218	chr7,131281187,131281524	10.1
chr2,168766420,168767218	chr7,140398725,140400083	10.1
chr2,168766420,168767218	chrX,22282603,22282859	18.63
chr2,168766420,168767218	chrX,151164585,151166684	51.66
chr3,34648729,34650279	chr1,190451410,190451521	23.07
chr3,34648729,34650279	chr10,30081149,30081637	104.25
chr3,34648729,34650279	chr11,24764830,24765997	10.1
chr3,34648729,34650279	chr11,112280379,112280723	37
chr3,34648729,34650279	chr11,116579428,116579654	32.27
chr3,34648729,34650279	chr14,46566941,46568072	82.63
chr3,34648729,34650279	chr15,40786479,40786642	6.06
chr3,34648729,34650279	chr16,29586302,29586551	6.06
chr3,34648729,34650279	chr16,87796576,87796970	14.3
chr3,34648729,34650279	chr17,73154162,73154599	6.06
chr3,34648729,34650279	chr19,58926349,58926734	27.62
chr3,34648729,34650279	chr3,5852694,5853143	23.61
chr3,34648729,34650279	chr3,13916435,13917234	19.54
chr3,34648729,34650279	chr3,20628795,20630595	15.56
chr3,34648729,34650279	chr3,26164866,26165101	11.04
chr3,34648729,34650279	chr3,26581785,26581909	22.07
chr3,34648729,34650279	chr3,27701623,27703470	5.1
chr3,34648729,34650279	chr3,29790791,29793045	11.58
chr3,34648729,34650279	chr3,30518265,30519323	10.45
chr3,34648729,34650279	chr3,31387087,31387338	5.68
chr3,34648729,34650279	chr3,31408104,31408842	5.66
chr3,34648729,34650279	chr3,31413891,31414648	5.66
chr3,34648729,34650279	chr3,31721488,31721692	8.38
chr3,34648729,34650279	chr3,31816863,31816990	5.33
chr3,34648729,34650279	chr3,32218006,32218315	113.63
chr3,34648729,34650279	chr3,32355700,32356177	101.99
chr3,34648729,34650279	chr3,32583559,32583901	8.75
chr3,34648729,34650279	chr3,32585487,32587128	19.57
chr3,34648729,34650279	chr3,32752714,32753289	5.25
chr3,34648729,34650279	chr3,32949216,32949835	5.05
chr3,34648729,34650279	chr3,33409346,33409668	5.47
chr3,34648729,34650279	chr3,33585325,33585566	5.96
chr3,34648729,34650279	chr3,33828963,33829769	11.61
chr3,34648729,34650279	chr3,33867777,33868021	5.2
chr3,34648729,34650279	chr3,34002467,34002833	5.63
chr3,34648729,34650279	chr3,34271175,34271426	10.33
chr3,34648729,34650279	chr3,34484227,34484741	6.28
chr3,34648729,34650279	chr3,34717309,34717712	7.75
chr3,34648729,34650279	chr3,34775862,34776837	5.09
chr3,34648729,34650279	chr3,34796838,34797844	6.83
chr3,34648729,34650279	chr3,34889378,34889723	6.39
chr3,34648729,34650279	chr3,34915671,34916362	8.04
chr3,34648729,34650279	chr3,35136852,35137206	12.62
chr3,34648729,34650279	chr3,35486417,35486697	6.46
chr3,34648729,34650279	chr3,36649448,36649866	6.68
chr3,34648729,34650279	chr3,38674447,38674666	14.11
chr3,34648729,34650279	chr3,39502082,39503442	10.04
chr3,34648729,34650279	chr3,40421997,40422459	5.13
chr3,34648729,34650279	chr3,41603793,41603979	7.9
chr3,34648729,34650279	chr3,47611423,47611617	25
chr3,34648729,34650279	chr3,54735112,54735901	7.12
chr3,34648729,34650279	chr3,59278309,59279232	19.34
chr3,34648729,34650279	chr3,61292681,61293589	208.55
chr3,34648729,34650279	chr3,78271297,78271420	6.29
chr3,34648729,34650279	chr3,80384594,80385970	10.3
chr3,34648729,34650279	chr3,87495814,87496633	61.9
chr3,34648729,34650279	chr3,89658306,89658466	6.19
chr3,34648729,34650279	chr3,91207596,91207837	232.58
chr3,34648729,34650279	chr3,99136385,99136711	10.19
chr3,34648729,34650279	chr3,109420882,109421020	27.68
chr3,34648729,34650279	chr3,118020031,118020246	155.09
chr3,34648729,34650279	chr3,157608576,157609056	14.31
chr3,34648729,34650279	chr4,123579390,123579604	10.1
chr3,34648729,34650279	chr5,36766049,36766256	10.1
chr3,34648729,34650279	chr5,40119346,40119457	6.06
chr3,34648729,34650279	chr5,62557983,62559824	14.3
chr3,34648729,34650279	chr6,130950561,130950791	6.06
chr3,34648729,34650279	chr7,105520891,105521256	10.1
chr4,55531324,55531996	chr1,64258115,64258772	6.06
chr4,55531324,55531996	chr10,84843893,84844462	10.1
chr4,55531324,55531996	chr12,21347648,21348047	18.63
chr4,55531324,55531996	chr13,98352187,98352698	6.06
chr4,55531324,55531996	chr13,110037798,110038445	14.3
chr4,55531324,55531996	chr14,21741867,21742364	18.63
chr4,55531324,55531996	chr14,105700543,105700780	14.3
chr4,55531324,55531996	chr16,38016653,38017351	37
chr4,55531324,55531996	chr17,66649229,66649638	178.44
chr4,55531324,55531996	chr3,24430904,24431689	14.3
chr4,55531324,55531996	chr3,109088769,109089401	27.62
chr4,55531324,55531996	chr4,6866639,6867650	6.24
chr4,55531324,55531996	chr4,11009542,11009700	37.21
chr4,55531324,55531996	chr4,36397862,36400061	15.34
chr4,55531324,55531996	chr4,44102851,44103148	14.7
chr4,55531324,55531996	chr4,45841959,45842849	162.91
chr4,55531324,55531996	chr4,55394947,55396612	5.98
chr4,55531324,55531996	chr4,55598501,55598936	5.48
chr4,55531324,55531996	chr4,55662633,55663039	7.04
chr4,55531324,55531996	chr4,55859837,55860069	5.21
chr4,55531324,55531996	chr4,55885107,55885558	10.59
chr4,55531324,55531996	chr4,56129507,56129953	5.63
chr4,55531324,55531996	chr4,56162837,56163107	5.06
chr4,55531324,55531996	chr4,56507244,56507585	10.11
chr4,55531324,55531996	chr4,56743966,56744382	12.64
chr4,55531324,55531996	chr4,57412502,57412618	7.24
chr4,55531324,55531996	chr4,74353365,74353505	7.22
chr4,55531324,55531996	chr4,80569685,80571011	6.79
chr4,55531324,55531996	chr4,82393111,82393714	10.73
chr4,55531324,55531996	chr4,108873374,108873772	10.24
chr4,55531324,55531996	chr4,115011622,115012043	18.73
chr4,55531324,55531996	chr4,116711960,116712453	14.4
chr4,55531324,55531996	chr4,118015002,118015165	6.15
chr4,55531324,55531996	chr4,121590779,121591700	27.7
chr4,55531324,55531996	chr4,126982330,126982490	14.36
chr4,55531324,55531996	chr4,140261223,140261410	6.1
chr4,55531324,55531996	chr7,96409410,96410196	6.06
chr4,55531324,55531996	chr8,42124618,42125888	10.1
chr4,55531324,55531996	chr9,85342622,85343256	6.06
chr6,122339268,122340303	chr1,64302776,64304221	149.28
chr6,122339268,122340303	chr10,94012566,94012827	155.06
chr6,122339268,122340303	chr10,102385677,102386636	6.06
chr6,122339268,122340303	chr10,119150970,119151557	18.63
chr6,122339268,122340303	chr10,120244780,120245162	6.06
chr6,122339268,122340303	chr11,88278494,88279134	104.25
chr6,122339268,122340303	chr11,106433449,106433572	10.1
chr6,122339268,122340303	chr12,90915274,90915520	6.06
chr6,122339268,122340303	chr13,96292866,96292995	6.06
chr6,122339268,122340303	chr15,57089691,57089807	6.06
chr6,122339268,122340303	chr15,61528673,61529232	14.3
chr6,122339268,122340303	chr16,14350402,14351049	10.1
chr6,122339268,122340303	chr16,90526028,90526402	14.3
chr6,122339268,122340303	chr17,7833423,7833832	82.63
chr6,122339268,122340303	chr17,17539704,17540110	27.62
chr6,122339268,122340303	chr17,87086760,87086983	6.06
chr6,122339268,122340303	chr19,50318081,50318425	23.07
chr6,122339268,122340303	chr2,103139272,103139802	10.1
chr6,122339268,122340303	chr2,125036393,125036981	93.36
chr6,122339268,122340303	chr2,156716913,156718210	18.63
chr6,122339268,122340303	chr3,38234129,38234538	208.24
chr6,122339268,122340303	chr3,94473886,94474040	6.06
chr6,122339268,122340303	chr3,121102540,121103242	93.36
chr6,122339268,122340303	chr3,153603177,153603686	6.06
chr6,122339268,122340303	chr4,7172769,7174315	93.36
chr6,122339268,122340303	chr4,86812688,86812814	18.63
chr6,122339268,122340303	chr4,115086067,115086792	6.06
chr6,122339268,122340303	chr5,137174896,137175270	6.06
chr6,122339268,122340303	chr6,3477099,3477435	14.31
chr6,122339268,122340303	chr6,17303606,17303871	32.29
chr6,122339268,122340303	chr6,40247671,40248306	27.67
chr6,122339268,122340303	chr6,42895287,42895530	6.11
chr6,122339268,122340303	chr6,56876952,56877608	6.14
chr6,122339268,122340303	chr6,61247372,61247862	14.4
chr6,122339268,122340303	chr6,65970410,65970835	23.22
chr6,122339268,122340303	chr6,74927869,74928445	93.52
chr6,122339268,122340303	chr6,84320100,84320387	18.93
chr6,122339268,122340303	chr6,85904764,85904982	37.34
chr6,122339268,122340303	chr6,89089806,89090269	14.71
chr6,122339268,122340303	chr6,92253870,92254038	93.8
chr6,122339268,122340303	chr6,93896205,93896608	19.19
chr6,122339268,122340303	chr6,95713928,95714369	132.64
chr6,122339268,122340303	chr6,96035129,96035463	62.38
chr6,122339268,122340303	chr6,100875627,100878179	28.55
chr6,122339268,122340303	chr6,102455736,102456722	105.08
chr6,122339268,122340303	chr6,107033726,107034396	15.65
chr6,122339268,122340303	chr6,108814983,108815234	11.76
chr6,122339268,122340303	chr6,112980153,112981544	11.61
chr6,122339268,122340303	chr6,116902352,116902865	7.47
chr6,122339268,122340303	chr6,117706617,117708303	5.12
chr6,122339268,122340303	chr6,119377103,119377765	5.66
chr6,122339268,122340303	chr6,120264950,120265370	14.38
chr6,122339268,122340303	chr6,120669583,120669819	5.79
chr6,122339268,122340303	chr6,121278138,121278413	5.82
chr6,122339268,122340303	chr6,122515720,122516187	5.32
chr6,122339268,122340303	chr6,122589162,122589738	5.33
chr6,122339268,122340303	chr6,122849355,122850064	5.71
chr6,122339268,122340303	chr6,122856024,122856131	5.32
chr6,122339268,122340303	chr6,124075821,124076430	5.28
chr6,122339268,122340303	chr6,124105566,124106182	17.24
chr6,122339268,122340303	chr6,124600695,124601092	19.66
chr6,122339268,122340303	chr6,124660332,124661188	15.82
chr6,122339268,122340303	chr6,128598601,128599588	13.94
chr6,122339268,122340303	chr6,135297556,135297666	15.63
chr6,122339268,122340303	chr6,136191454,136192910	11.73
chr6,122339268,122340303	chr6,137531608,137532914	15.66
chr6,122339268,122340303	chr6,137919252,137920215	7.57
chr6,122339268,122340303	chr6,139578233,139578356	7.38
chr6,122339268,122340303	chr6,142996552,142997269	7.07
chr6,122339268,122340303	chr6,145702219,145702870	121.51
chr6,122339268,122340303	chr8,22956099,22957036	32.27
chr6,122339268,122340303	chr9,47080397,47080545	18.63
chr6,122339268,122340303	chr9,112176789,112177881	41.82
chr6,122339268,122340303	chrX,165666034,165666484	18.63
chr6,122707354,122707701	chr1,80621418,80621783	18.63
chr6,122707354,122707701	chr13,12313423,12314057	93.36
chr6,122707354,122707701	chr14,81920117,81920666	6.06
chr6,122707354,122707701	chr14,106541496,106542063	46.7
chr6,122707354,122707701	chr16,80587176,80588142	46.7
chr6,122707354,122707701	chr6,54035878,54036383	126.56
chr6,122707354,122707701	chr6,58777934,58778124	397.48
chr6,122707354,122707701	chr6,72244237,72244467	10.26
chr6,122707354,122707701	chr6,98074783,98075253	6.82
chr6,122707354,122707701	chr6,101555873,101556152	57.62
chr6,122707354,122707701	chr6,107478348,107478476	7.64
chr6,122707354,122707701	chr6,111337564,111337980	79.09
chr6,122707354,122707701	chr6,115355113,115355395	12.09
chr6,122707354,122707701	chr6,118181957,118182151	10.06
chr6,122707354,122707701	chr6,119695187,119695347	6.87
chr6,122707354,122707701	chr6,120721409,120721804	11.7
chr6,122707354,122707701	chr6,121501399,121501955	5.05
chr6,122707354,122707701	chr6,122644695,122645283	5.56
chr6,122707354,122707701	chr6,122747004,122747627	5.97
chr6,122707354,122707701	chr6,122802676,122803896	7.5
chr6,122707354,122707701	chr6,122805493,122805853	7
chr6,122707354,122707701	chr6,122843403,122844767	7.59
chr6,122707354,122707701	chr6,122917875,122918108	7.3
chr6,122707354,122707701	chr6,124106386,124107343	6.42
chr6,122707354,122707701	chr6,124390770,124390944	18.22
chr6,122707354,122707701	chr6,125745064,125745657	21.94
chr6,122707354,122707701	chr6,128132529,128132726	15.07
chr6,122707354,122707701	chr6,131423681,131424038	44.22
chr6,122707354,122707701	chr8,56501480,56501809	184.35
chr8,72317488,72319340	chr1,7166775,7167855	14.3
chr8,72317488,72319340	chr1,89023861,89024045	27.62
chr8,72317488,72319340	chr10,18575802,18576223	18.63
chr8,72317488,72319340	chr11,29222669,29222999	10.1
chr8,72317488,72319340	chr11,30820578,30820950	10.1
chr8,72317488,72319340	chr11,97418232,97418407	6.06
chr8,72317488,72319340	chr11,119647960,119648382	10.1
chr8,72317488,72319340	chr11,120889389,120889839	23.07
chr8,72317488,72319340	chr12,83558739,83559832	238.63
chr8,72317488,72319340	chr12,119274378,119278365	10.1
chr8,72317488,72319340	chr14,21659155,21659702	51.66
chr8,72317488,72319340	chr16,18008002,18009480	37
chr8,72317488,72319340	chr17,28531033,28531363	6.06
chr8,72317488,72319340	chr19,20717640,20719207	10.1
chr8,72317488,72319340	chr2,10297165,10297495	14.3
chr8,72317488,72319340	chr2,136508962,136509526	14.3
chr8,72317488,72319340	chr4,8800005,8800113	37
chr8,72317488,72319340	chr4,82372159,82372482	14.3
chr8,72317488,72319340	chr4,88995623,88995903	6.06
chr8,72317488,72319340	chr5,34924428,34925067	10.1
chr8,72317488,72319340	chr5,135867977,135868338	18.63
chr8,72317488,72319340	chr6,29951378,29951672	23.07
chr8,72317488,72319340	chr6,33240396,33240726	98.78
chr8,72317488,72319340	chr6,115876474,115877275	18.63
chr8,72317488,72319340	chr6,129093262,129093498	10.1
chr8,72317488,72319340	chr6,145185397,145185588	6.06
chr8,72317488,72319340	chr7,23892272,23894394	18.63
chr8,72317488,72319340	chr8,8047040,8047285	6.15
chr8,72317488,72319340	chr8,11318514,11318841	115.38
chr8,72317488,72319340	chr8,11655174,11655807	67
chr8,72317488,72319340	chr8,25858967,25859147	27.82
chr8,72317488,72319340	chr8,35105897,35106489	23.38
chr8,72317488,72319340	chr8,35411048,35411878	6.39
chr8,72317488,72319340	chr8,60752769,60752979	7.99
chr8,72317488,72319340	chr8,67273309,67273488	6.61
chr8,72317488,72319340	chr8,68793603,68794105	11.01
chr8,72317488,72319340	chr8,69240187,69240737	6.2
chr8,72317488,72319340	chr8,71955179,71955503	5.77
chr8,72317488,72319340	chr8,72164039,72164240	5.81
chr8,72317488,72319340	chr8,72299885,72300204	5.38
chr8,72317488,72319340	chr8,72403532,72403758	5.3
chr8,72317488,72319340	chr8,74291387,74291734	24.03
chr8,72317488,72319340	chr8,84810371,84811013	7.89
chr8,72317488,72319340	chr8,85442718,85442972	15.19
chr8,72317488,72319340	chr8,87955558,87956709	11.48
chr8,72317488,72319340	chr8,91149229,91149384	7.22
chr8,72317488,72319340	chr8,95927947,95928588	238.69
chr8,72317488,72319340	chr8,104392274,104392697	28.06
chr8,72317488,72319340	chr8,107451917,107452040	18.99
chr8,72317488,72319340	chr8,109717998,109718404	214.44
chr8,72317488,72319340	chr8,110662029,110662688	14.6
chr8,72317488,72319340	chr8,110700620,110701643	42.11
chr8,72317488,72319340	chr8,119531095,119531774	37.19
chr8,72317488,72319340	chr8,120494940,120496299	10.28
chr8,72317488,72319340	chr8,123986367,123986644	18.78
chr8,72317488,72319340	chr8,125835364,125835625	14.44
chr8,72317488,72319340	chr9,64932810,64933607	6.06
chr8,72317488,72319340	chr9,109095580,109095725	10.1
chr8,72317488,72319340	chrX,113831838,113831974	77.34
chr9,78368132,78368522	chr1,170433159,170433726	37
chr9,78368132,78368522	chr10,125758822,125759216	10.1
chr9,78368132,78368522	chr10,127618388,127619793	6.06
chr9,78368132,78368522	chr11,95388545,95389236	18.63
chr9,78368132,78368522	chr2,75759162,75759396	10.1
chr9,78368132,78368522	chr4,131827413,131827565	27.62
chr9,78368132,78368522	chr5,121932864,121932986	14.3
chr9,78368132,78368522	chr6,53689440,53689983	98.78
chr9,78368132,78368522	chr7,101135564,101136247	23.07
chr9,78368132,78368522	chr8,107001025,107001473	14.3
chr9,78368132,78368522	chr9,7982799,7983300	14.37
chr9,78368132,78368522	chr9,21862296,21863526	10.23
chr9,78368132,78368522	chr9,47819416,47819738	28.12
chr9,78368132,78368522	chr9,57097222,57098068	47.66
chr9,78368132,78368522	chr9,62994148,62995232	11.67
chr9,78368132,78368522	chr9,73461467,73461995	6.11
chr9,78368132,78368522	chr9,75581678,75582517	5.92
chr9,78368132,78368522	chr9,76074046,76074430	11.6
chr9,78368132,78368522	chr9,77898776,77899360	5.4
chr9,78368132,78368522	chr9,78094717,78095192	6.48
chr9,78368132,78368522	chr9,78225933,78226191	7.35
chr9,78368132,78368522	chr9,78605132,78605705	5.74
chr9,78368132,78368522	chr9,79844294,79846454	10.33
chr9,78368132,78368522	chr9,99111972,99112129	7.08
chr9,78368132,78368522	chr9,101976920,101977973	161.59
chr9,78368132,78368522	chr9,106029800,106030159	6.67
