chr1,118628128,118629090	chr1,58779516,58779673	50.06
chr1,118628128,118629090	chr1,59096217,59096754	90.83
chr1,118628128,118629090	chr1,91533536,91534143	40.97
chr1,118628128,118629090	chr1,98135603,98136405	18.75
chr1,118628128,118629090	chr1,106680369,106681419	7.6
chr1,118628128,118629090	chr1,106759304,106759673	15.55
chr1,118628128,118629090	chr1,107869768,107870091	15.69
chr1,118628128,118629090	chr1,112896798,112896967	11.32
chr1,118628128,118629090	chr1,113938307,113941051	5.63
chr1,118628128,118629090	chr1,114415150,114417178	9.82
chr1,118628128,118629090	chr1,118843601,118845040	7.41
chr1,118628128,118629090	chr1,118959041,118959325	5.76
chr1,118628128,118629090	chr1,119200967,119201124	10
chr1,118628128,118629090	chr1,120511520,120512535	6.36
chr1,118628128,118629090	chr1,120538069,120538958	11.69
chr1,118628128,118629090	chr1,121216685,121217198	5.12
chr1,118628128,118629090	chr1,121299967,121300362	115.7
chr1,118628128,118629090	chr1,121773521,121774046	90.98
chr1,118628128,118629090	chr1,122210974,122211553	5.56
chr1,118628128,118629090	chr1,123284848,123285306	74.7
chr1,118628128,118629090	chr1,124712689,124712994	14.03
chr1,118628128,118629090	chr1,134038000,134038119	108.19
chr1,118628128,118629090	chr1,135945286,135945581	36.96
chr1,118628128,118629090	chr1,136650532,136650931	27.74
chr1,118628128,118629090	chr1,138137004,138138036	18.83
chr1,118628128,118629090	chr1,140658062,140658871	86.35
chr1,118628128,118629090	chr1,142102555,142102695	10.25
chr1,118628128,118629090	chr1,154124740,154124841	22.42
chr1,118628128,118629090	chr1,155185391,155186430	9.77
chr1,118628128,118629090	chr1,157400874,157401042	13.81
chr1,118628128,118629090	chr1,159425637,159426982	55.12
chr1,118628128,118629090	chr1,161285515,161285709	5.74
chr1,118628128,118629090	chr1,165825040,165825501	101.58
chr1,118628128,118629090	chr1,166120068,166120539	25.77
chr1,118628128,118629090	chr1,169583037,169583492	151.32
chr1,118628128,118629090	chr1,169973805,169974363	5.65
chr1,118628128,118629090	chr1,174436970,174438219	123.3
chr1,118628128,118629090	chr11,6526832,6527838	75.06
chr1,118628128,118629090	chr11,42848999,42849385	22.05
chr1,118628128,118629090	chr11,58605415,58605953	5.49
chr1,118628128,118629090	chr11,85940521,85940649	5.49
chr1,118628128,118629090	chr12,102383261,102384568	5.49
chr1,118628128,118629090	chr12,106140561,106141046	17.72
chr1,118628128,118629090	chr13,96768244,96769309	17.72
chr1,118628128,118629090	chr13,117325186,117326147	5.49
chr1,118628128,118629090	chr17,51123399,51123931	5.49
chr1,118628128,118629090	chr19,40927931,40928313	9.42
chr1,118628128,118629090	chr19,56100346,56100700	69.93
chr1,118628128,118629090	chr2,11713152,11713729	80.23
chr1,118628128,118629090	chr2,49717446,49719000	9.42
chr1,118628128,118629090	chr3,65270939,65271299	26.49
chr1,118628128,118629090	chr6,86695206,86695339	5.49
chr1,118628128,118629090	chr6,104402500,104402847	17.72
chr1,118628128,118629090	chr7,120619718,120619999	5.49
chr1,118628128,118629090	chr8,15424101,15424205	17.72
chr11,100938874,100939386	chr1,37315306,37315742	80.23
chr11,100938874,100939386	chr1,123281342,123281887	5.49
chr11,100938874,100939386	chr10,68444370,68445217	5.49
chr11,100938874,100939386	chr11,60451112,60452063	90.99
chr11,100938874,100939386	chr11,76182217,76184464	22.79
chr11,100938874,100939386	chr11,87082646,87083002	7.26
chr11,100938874,100939386	chr11,98110559,98110769	9.21
chr11,100938874,100939386	chr11,99526823,99527888	5.15
chr11,100938874,100939386	chr11,100475763,100475891	5.03
chr11,100938874,100939386	chr11,100493643,100494047	6.82
chr11,100938874,100939386	chr11,100511240,100512421	5.46
chr11,100938874,100939386	chr11,100682374,100682866	7.54
chr11,100938874,100939386	chr11,100703607,100704035	7.93
chr11,100938874,100939386	chr11,100857755,100858730	5.76
chr11,100938874,100939386	chr11,100870613,100871302	5.82
chr11,100938874,100939386	chr11,100906256,100906496	5.26
chr11,100938874,100939386	chr11,101030485,101030934	6.27
chr11,100938874,100939386	chr11,101044796,101045040	5.21
chr11,100938874,100939386	chr11,101080024,101080247	5.23
chr11,100938874,100939386	chr11,101122875,101123015	5.38
chr11,100938874,100939386	chr11,101279530,101280866	6.25
chr11,100938874,100939386	chr11,101349558,101349659	6.73
chr11,100938874,100939386	chr11,101570502,101571558	9.51
chr11,100938874,100939386	chr11,116337666,116338192	23.24
chr11,100938874,100939386	chr11,121595701,121595859	10.44
chr11,100938874,100939386	chr12,87395719,87396329	5.49
chr11,100938874,100939386	chr13,32328092,32328256	197.43
chr11,100938874,100939386	chr13,33998931,33999643	5.49
chr11,100938874,100939386	chr13,38415363,38415607	69.93
chr11,100938874,100939386	chr13,114380416,114380984	5.49
chr11,100938874,100939386	chr14,57428395,57428724	9.42
chr11,100938874,100939386	chr15,53299105,53301750	5.49
chr11,100938874,100939386	chr15,79694262,79694649	319.19
chr11,100938874,100939386	chr15,89167210,89168240	40.34
chr11,100938874,100939386	chr15,98664082,98664623	106.78
chr11,100938874,100939386	chr16,14370196,14371900	5.49
chr11,100938874,100939386	chr16,19741576,19741855	17.72
chr11,100938874,100939386	chr16,50891067,50891500	17.72
chr11,100938874,100939386	chr17,27228930,27229032	106.78
chr11,100938874,100939386	chr18,24504689,24505291	5.49
chr11,100938874,100939386	chr18,64760800,64761284	9.42
chr11,100938874,100939386	chr19,45829984,45830714	26.49
chr11,100938874,100939386	chr19,56452991,56454540	17.72
chr11,100938874,100939386	chr2,32303813,32304044	13.5
chr11,100938874,100939386	chr2,57873808,57874137	9.42
chr11,100938874,100939386	chr2,166091314,166091518	145.51
chr11,100938874,100939386	chr2,170976568,170977246	5.49
chr11,100938874,100939386	chr3,27870070,27870253	40.34
chr11,100938874,100939386	chr3,87690940,87691211	139.88
chr11,100938874,100939386	chr3,102567954,102568594	22.05
chr11,100938874,100939386	chr3,118583921,118584622	75.06
chr11,100938874,100939386	chr4,34869153,34869849	35.64
chr11,100938874,100939386	chr4,43959263,43959583	90.73
chr11,100938874,100939386	chr4,56089724,56090042	5.49
chr11,100938874,100939386	chr4,123812349,123812501	9.42
chr11,100938874,100939386	chr5,64972783,64973111	9.42
chr11,100938874,100939386	chr5,103310993,103313632	26.49
chr11,100938874,100939386	chr6,58498316,58498547	17.72
chr11,100938874,100939386	chr7,16534154,16534849	9.42
chr11,100938874,100939386	chr7,113972020,113972455	5.49
chr11,100938874,100939386	chr8,80515409,80515542	17.72
chr11,100938874,100939386	chr8,119839262,119839897	22.05
chr11,100938874,100939386	chr9,59390909,59391374	191.56
chr12,86419274,86422913	chr1,89294265,89294662	40.34
chr12,86419274,86422913	chr1,133412673,133413080	5.49
chr12,86419274,86422913	chr1,186768508,186768735	22.05
chr12,86419274,86422913	chr10,66902922,66904431	22.05
chr12,86419274,86422913	chr11,6395073,6395423	13.5
chr12,86419274,86422913	chr11,52601584,52603523	5.49
chr12,86419274,86422913	chr11,59136621,59137196	40.34
chr12,86419274,86422913	chr11,63544834,63545435	5.49
chr12,86419274,86422913	chr11,70644764,70645086	26.49
chr12,86419274,86422913	chr11,108752598,108753679	13.5
chr12,86419274,86422913	chr12,4158994,4159297	13.55
chr12,86419274,86422913	chr12,5325147,5325375	9.47
chr12,86419274,86422913	chr12,10213963,10214262	26.54
chr12,86419274,86422913	chr12,14918600,14919018	5.56
chr12,86419274,86422913	chr12,18284344,18285710	5.57
chr12,86419274,86422913	chr12,24680704,24680875	227.17
chr12,86419274,86422913	chr12,28373946,28374603	5.61
chr12,86419274,86422913	chr12,44552025,44552488	559.95
chr12,86419274,86422913	chr12,45356458,45358425	35.89
chr12,86419274,86422913	chr12,54315851,54316346	13.94
chr12,86419274,86422913	chr12,57355693,57355822	14.03
chr12,86419274,86422913	chr12,62217420,62218550	27.22
chr12,86419274,86422913	chr12,64713370,64713696	25.56
chr12,86419274,86422913	chr12,67731579,67732664	17.98
chr12,86419274,86422913	chr12,68890267,68891001	327.57
chr12,86419274,86422913	chr12,69419941,69420454	26.12
chr12,86419274,86422913	chr12,69644904,69645040	6.79
chr12,86419274,86422913	chr12,70547293,70548009	17.07
chr12,86419274,86422913	chr12,70685898,70686301	10.53
chr12,86419274,86422913	chr12,73549151,73549707	12.94
chr12,86419274,86422913	chr12,74202166,74202902	410.65
chr12,86419274,86422913	chr12,75766162,75766305	9.47
chr12,86419274,86422913	chr12,79876725,79877109	121.8
chr12,86419274,86422913	chr12,80615255,80615454	12.59
chr12,86419274,86422913	chr12,81313395,81313952	9.15
chr12,86419274,86422913	chr12,84745669,84746055	20.05
chr12,86419274,86422913	chr12,85551290,85553909	6.76
chr12,86419274,86422913	chr12,85798928,85799141	6.36
chr12,86419274,86422913	chr12,85929056,85929474	9.13
chr12,86419274,86422913	chr12,86088574,86089024	8.03
chr12,86419274,86422913	chr12,86128791,86129046	5.84
chr12,86419274,86422913	chr12,86196477,86196662	5.55
chr12,86419274,86422913	chr12,86342659,86342952	5.64
chr12,86419274,86422913	chr12,86627999,86628350	7.45
chr12,86419274,86422913	chr12,86903227,86903555	6.83
chr12,86419274,86422913	chr12,91018527,91018707	6.44
chr12,86419274,86422913	chr12,91430075,91430648	17.16
chr12,86419274,86422913	chr12,94861821,94861980	6.36
chr12,86419274,86422913	chr12,98243152,98244035	23.59
chr12,86419274,86422913	chr12,98694619,98695602	7.04
chr12,86419274,86422913	chr12,102986000,102986577	23.13
chr12,86419274,86422913	chr12,103132481,103132922	14.14
chr12,86419274,86422913	chr12,104146163,104146532	36.72
chr12,86419274,86422913	chr12,104238380,104238624	14.26
chr12,86419274,86422913	chr12,104779674,104780198	41.35
chr12,86419274,86422913	chr12,105983558,105983682	21.67
chr12,86419274,86422913	chr12,106671756,106672098	10.38
chr12,86419274,86422913	chr12,107652282,107653054	6.44
chr12,86419274,86422913	chr12,108373145,108374608	75.7
chr12,86419274,86422913	chr12,108468135,108468337	10.28
chr12,86419274,86422913	chr12,112487522,112488070	40.95
chr12,86419274,86422913	chr12,117500397,117500982	9.89
chr12,86419274,86422913	chr12,117985729,117986170	9.88
chr12,86419274,86422913	chr12,118598908,118599110	26.91
chr12,86419274,86422913	chr13,31273193,31273402	26.49
chr12,86419274,86422913	chr13,51435028,51435290	26.49
chr12,86419274,86422913	chr13,99691210,99691427	90.73
chr12,86419274,86422913	chr14,56201973,56202898	54.86
chr12,86419274,86422913	chr16,89360959,89362989	151.17
chr12,86419274,86422913	chr16,93862983,93864064	9.42
chr12,86419274,86422913	chr17,83774166,83774918	9.42
chr12,86419274,86422913	chr17,87075734,87075861	17.72
chr12,86419274,86422913	chr18,26346885,26347132	13.5
chr12,86419274,86422913	chr18,43048546,43048712	9.42
chr12,86419274,86422913	chr19,6144949,6146041	26.49
chr12,86419274,86422913	chr19,22950017,22950159	9.42
chr12,86419274,86422913	chr19,25910334,25910680	26.49
chr12,86419274,86422913	chr19,34820307,34821727	5.49
chr12,86419274,86422913	chr2,49579214,49579342	26.49
chr12,86419274,86422913	chr2,115629222,115629647	5.49
chr12,86419274,86422913	chr2,166226786,166227477	5.49
chr12,86419274,86422913	chr3,28986455,28986926	5.49
chr12,86419274,86422913	chr3,129662756,129662870	22.05
chr12,86419274,86422913	chr4,33629865,33630047	573.87
chr12,86419274,86422913	chr4,34024690,34024866	35.64
chr12,86419274,86422913	chr5,20964091,20965019	9.42
chr12,86419274,86422913	chr5,133777806,133778773	35.64
chr12,86419274,86422913	chr5,134120288,134120754	467.15
chr12,86419274,86422913	chr5,146260809,146261043	227.12
chr12,86419274,86422913	chr6,28961991,28962544	5.49
chr12,86419274,86422913	chr6,57600146,57600407	26.49
chr12,86419274,86422913	chr7,75701780,75702280	5.49
chr12,86419274,86422913	chr7,117709627,117711559	26.49
chr12,86419274,86422913	chr7,140853863,140854105	35.64
chr12,86419274,86422913	chr7,144461896,144462182	139.88
chr12,86419274,86422913	chr9,104443116,104443793	473.74
chr12,86419274,86422913	chr9,123314351,123314880	17.72
chr15,7128930,7130283	chr11,44981087,44981348	5.49
chr15,7128930,7130283	chr11,50398362,50398702	17.72
chr15,7128930,7130283	chr11,83709216,83709439	5.49
chr15,7128930,7130283	chr14,20751352,20751885	13.5
chr15,7128930,7130283	chr15,3376943,3378092	20.91
chr15,7128930,7130283	chr15,3635057,3635515	7.26
chr15,7128930,7130283	chr15,3778087,3778683	5.9
chr15,7128930,7130283	chr15,5436925,5437528	6.05
chr15,7128930,7130283	chr15,6861347,6861770	5.06
chr15,7128930,7130283	chr15,7094399,7094616	5.44
chr15,7128930,7130283	chr15,7197907,7198539	5.58
chr15,7128930,7130283	chr15,7238510,7239066	5.36
chr15,7128930,7130283	chr15,7258883,7259602	5.47
chr15,7128930,7130283	chr15,7481344,7482308	7.05
chr15,7128930,7130283	chr15,7666146,7666391	6.8
chr15,7128930,7130283	chr15,7721480,7722048	9.04
chr15,7128930,7130283	chr15,8343147,8343645	8.16
chr15,7128930,7130283	chr15,10130905,10131445	7.65
chr15,7128930,7130283	chr15,12949342,12950052	26.12
chr15,7128930,7130283	chr15,13107411,13108392	5.05
chr15,7128930,7130283	chr15,23167799,23167995	10.89
chr15,7128930,7130283	chr15,24089746,24089916	23.25
chr15,7128930,7130283	chr15,26869293,26869699	135.17
chr15,7128930,7130283	chr15,32067611,32067803	27.22
chr15,7128930,7130283	chr15,34727788,34728091	6.11
chr15,7128930,7130283	chr15,57742631,57743289	5.66
chr15,7128930,7130283	chr15,60501854,60503123	5.64
chr15,7128930,7130283	chr15,72291196,72291664	5.58
chr15,7128930,7130283	chr15,73625505,73626150	25.67
chr15,7128930,7130283	chr15,74512982,74513622	13.58
chr15,7128930,7130283	chr15,82559169,82559597	5.56
chr15,7128930,7130283	chr15,84626207,84626722	25.64
chr15,7128930,7130283	chr17,73202824,73203460	26.49
chr15,7128930,7130283	chr18,6905694,6905996	22.05
chr15,7128930,7130283	chr18,9641844,9641946	31.02
chr15,7128930,7130283	chr18,81782499,81783469	9.42
chr15,7128930,7130283	chr19,29510460,29510575	13.5
chr15,7128930,7130283	chr2,37107323,37107556	40.34
chr15,7128930,7130283	chr4,19866830,19868042	13.5
chr15,7128930,7130283	chr4,45517193,45517388	5.49
chr15,7128930,7130283	chr4,98760119,98760273	96.04
chr15,7128930,7130283	chr6,6426291,6426743	106.78
chr15,7128930,7130283	chr8,114652309,114653151	5.49
chr15,7128930,7130283	chr9,29090770,29091136	17.72
chr15,7128930,7130283	chr9,29283310,29283871	117.68
chr16,10479663,10480580	chr1,164671979,164672175	26.49
chr16,10479663,10480580	chr1,175177318,175177846	101.39
chr16,10479663,10480580	chr10,106680155,106680540	64.85
chr16,10479663,10480580	chr10,125892636,125893380	9.42
chr16,10479663,10480580	chr11,76699813,76700132	288.05
chr16,10479663,10480580	chr12,56333006,56333324	5.49
chr16,10479663,10480580	chr12,108407693,108407859	40.34
chr16,10479663,10480580	chr13,6869781,6870834	26.49
chr16,10479663,10480580	chr13,96984097,96984953	9.42
chr16,10479663,10480580	chr14,18290448,18290723	5.49
chr16,10479663,10480580	chr14,111119524,111119802	389.06
chr16,10479663,10480580	chr15,41548458,41549380	13.5
chr16,10479663,10480580	chr15,58749100,58750377	5.49
chr16,10479663,10480580	chr15,79739305,79740330	31.02
chr16,10479663,10480580	chr15,88747658,88747834	294.24
chr16,10479663,10480580	chr16,4118969,4119264	283.75
chr16,10479663,10480580	chr16,5201605,5202252	11.94
chr16,10479663,10480580	chr16,7728015,7728873	9.33
chr16,10479663,10480580	chr16,8422293,8422667	8.36
chr16,10479663,10480580	chr16,8617325,8617700	6.94
chr16,10479663,10480580	chr16,9780151,9781499	5.01
chr16,10479663,10480580	chr16,10421256,10421587	5.8
chr16,10479663,10480580	chr16,10423704,10423861	6.39
chr16,10479663,10480580	chr16,10822384,10822499	5.59
chr16,10479663,10480580	chr16,11096046,11096796	5.4
chr16,10479663,10480580	chr16,11508212,11508580	14.9
chr16,10479663,10480580	chr16,12038677,12038796	6.87
chr16,10479663,10480580	chr16,12564137,12564358	6.04
chr16,10479663,10480580	chr16,12656841,12657717	5.12
chr16,10479663,10480580	chr16,13510651,13510805	5.39
chr16,10479663,10480580	chr16,16875863,16876173	20.25
chr16,10479663,10480580	chr16,17015357,17016564	18.93
chr16,10479663,10480580	chr16,17246938,17247684	8.94
chr16,10479663,10480580	chr16,23488762,23489441	46.68
chr16,10479663,10480580	chr16,29582353,29584695	22.84
chr16,10479663,10480580	chr16,33671217,33671702	356.81
chr16,10479663,10480580	chr16,34122002,34123311	6.31
chr16,10479663,10480580	chr16,37033856,37034534	26.25
chr16,10479663,10480580	chr16,38125014,38125270	31.61
chr16,10479663,10480580	chr16,38959916,38960619	50.49
chr16,10479663,10480580	chr16,40331081,40332351	60.31
chr16,10479663,10480580	chr16,58730859,58731636	22.24
chr16,10479663,10480580	chr16,63437309,63437838	64.99
chr16,10479663,10480580	chr16,63504607,63507154	45.25
chr16,10479663,10480580	chr16,76344287,76344561	9.51
chr16,10479663,10480580	chr17,24953491,24953772	35.64
chr16,10479663,10480580	chr18,21107005,21107995	75.06
chr16,10479663,10480580	chr18,38202688,38203265	9.42
chr16,10479663,10480580	chr18,38661826,38662617	251.26
chr16,10479663,10480580	chr18,68604985,68605988	17.72
chr16,10479663,10480580	chr2,3247503,3247996	40.34
chr16,10479663,10480580	chr2,90744806,90745487	59.82
chr16,10479663,10480580	chr2,104869712,104870053	17.72
chr16,10479663,10480580	chr2,180611049,180611409	434.39
chr16,10479663,10480580	chr4,122938668,122938888	101.39
chr16,10479663,10480580	chr5,43813987,43814743	40.34
chr16,10479663,10480580	chr5,53353025,53353238	22.05
chr16,10479663,10480580	chr5,105529115,105529654	59.82
chr16,10479663,10480580	chr5,129690353,129691368	64.85
chr16,10479663,10480580	chr6,17589238,17590886	59.82
chr16,10479663,10480580	chr6,56601184,56601376	9.42
chr16,10479663,10480580	chr9,10074161,10074910	17.72
chr16,10479663,10480580	chr9,20459127,20460627	54.86
chr16,10479663,10480580	chrX,112689084,112690469	40.34
chr16,10486858,10489086	chr1,6881326,6881769	26.49
chr16,10486858,10489086	chr1,9515621,9515809	40.34
chr16,10486858,10489086	chr1,60659736,60659856	17.72
chr16,10486858,10489086	chr1,74081876,74082384	17.72
chr16,10486858,10489086	chr1,126556590,126556705	13.5
chr16,10486858,10489086	chr1,135690745,135691174	9.42
chr16,10486858,10489086	chr1,157069712,157069902	45.11
chr16,10486858,10489086	chr10,27521465,27521729	5.49
chr16,10486858,10489086	chr10,44902089,44903382	17.72
chr16,10486858,10489086	chr11,27795888,27797288	300.46
chr16,10486858,10489086	chr11,61913762,61915574	40.34
chr16,10486858,10489086	chr11,64513855,64514610	35.64
chr16,10486858,10489086	chr11,79688329,79688896	13.5
chr16,10486858,10489086	chr12,107824223,107824608	22.05
chr16,10486858,10489086	chr13,79075322,79075679	31.02
chr16,10486858,10489086	chr13,92115432,92115809	49.95
chr16,10486858,10489086	chr14,32189503,32189861	54.86
chr16,10486858,10489086	chr14,70087799,70088374	467.15
chr16,10486858,10489086	chr15,15308337,15309103	13.5
chr16,10486858,10489086	chr15,51818004,51818497	5.49
chr16,10486858,10489086	chr15,82394240,82394657	13.5
chr16,10486858,10489086	chr16,4108305,4108793	10.31
chr16,10486858,10489086	chr16,6206959,6207291	6.54
chr16,10486858,10489086	chr16,8468858,8469293	6.91
chr16,10486858,10489086	chr16,9150594,9150725	6.42
chr16,10486858,10489086	chr16,9243263,9244480	5.74
chr16,10486858,10489086	chr16,9934235,9934640	5.1
chr16,10486858,10489086	chr16,10213243,10213829	8.14
chr16,10486858,10489086	chr16,10271953,10272533	6.84
chr16,10486858,10489086	chr16,10277251,10277432	5.11
chr16,10486858,10489086	chr16,10288501,10288704	5.77
chr16,10486858,10489086	chr16,10290924,10291212	5.2
chr16,10486858,10489086	chr16,10412355,10412774	5.4
chr16,10486858,10489086	chr16,10423862,10424581	5.05
chr16,10486858,10489086	chr16,10607407,10608078	6.17
chr16,10486858,10489086	chr16,10827670,10827816	7.5
chr16,10486858,10489086	chr16,11533336,11534075	9.72
chr16,10486858,10489086	chr16,13264938,13265399	5.77
chr16,10486858,10489086	chr16,13634576,13634769	8.01
chr16,10486858,10489086	chr16,14369635,14370195	14.57
chr16,10486858,10489086	chr16,16946307,16946981	16.69
chr16,10486858,10489086	chr16,17248803,17248955	6.71
chr16,10486858,10489086	chr16,18373193,18373343	15.25
chr16,10486858,10489086	chr16,18889306,18889870	22.39
chr16,10486858,10489086	chr16,20685198,20686020	14.69
chr16,10486858,10489086	chr16,22478928,22479458	11.95
chr16,10486858,10489086	chr16,24170277,24170514	55.64
chr16,10486858,10489086	chr16,25036084,25036247	13.19
chr16,10486858,10489086	chr16,29118667,29119348	50.82
chr16,10486858,10489086	chr16,32279900,32280179	6.39
chr16,10486858,10489086	chr16,33301085,33302863	18.22
chr16,10486858,10489086	chr16,38672971,38673241	128.97
chr16,10486858,10489086	chr16,45733051,45733246	75.35
chr16,10486858,10489086	chr16,51242558,51242849	9.69
chr16,10486858,10489086	chr16,52044247,52044679	40.57
chr16,10486858,10489086	chr16,52386999,52387747	31.26
chr16,10486858,10489086	chr16,57738485,57739086	55.03
chr16,10486858,10489086	chr16,68007063,68007180	5.61
chr16,10486858,10489086	chr16,78034754,78034861	69.99
chr16,10486858,10489086	chr16,94167297,94168029	49.99
chr16,10486858,10489086	chr16,97823348,97826260	64.88
chr16,10486858,10489086	chr16,97923769,97924196	35.68
chr16,10486858,10489086	chr17,7592138,7592754	22.05
chr16,10486858,10489086	chr17,34235428,34236493	9.42
chr16,10486858,10489086	chr17,76037103,76037274	17.72
chr16,10486858,10489086	chr17,89350237,89350798	168.32
chr16,10486858,10489086	chr18,7657574,7658609	22.05
chr16,10486858,10489086	chr18,10310343,10310693	13.5
chr16,10486858,10489086	chr18,53380341,53380512	49.95
chr16,10486858,10489086	chr19,41932516,41932914	35.64
chr16,10486858,10489086	chr3,111865706,111866536	5.49
chr16,10486858,10489086	chr3,133899485,133899694	13.5
chr16,10486858,10489086	chr4,14928659,14928864	26.49
chr16,10486858,10489086	chr4,136326243,136326872	13.5
chr16,10486858,10489086	chr4,150304871,150305036	40.34
chr16,10486858,10489086	chr5,29017233,29017935	22.05
chr16,10486858,10489086	chr5,31766854,31769232	5.49
chr16,10486858,10489086	chr5,118802381,118802882	26.49
chr16,10486858,10489086	chr5,122135818,122136533	312.93
chr16,10486858,10489086	chr5,146829470,146829876	17.72
chr16,10486858,10489086	chr6,17519263,17519608	112.21
chr16,10486858,10489086	chr6,108191115,108191407	13.5
chr16,10486858,10489086	chr6,111718374,111718752	9.42
chr16,10486858,10489086	chr6,112384742,112384911	31.02
chr16,10486858,10489086	chr6,120158334,120158442	85.46
chr16,10486858,10489086	chr7,5935773,5936195	9.42
chr16,10486858,10489086	chr7,20063809,20064301	13.5
chr16,10486858,10489086	chr7,44346628,44347008	5.49
chr16,10486858,10489086	chr7,65765736,65765995	31.02
chr16,10486858,10489086	chr8,35953119,35953275	13.5
chr16,10486858,10489086	chr8,84076006,84076253	17.72
chr16,10486858,10489086	chr8,129169456,129170228	174.09
chr16,10486858,10489086	chr9,15097085,15097310	35.64
chr16,10486858,10489086	chr9,44492939,44493309	26.49
chr16,10486858,10489086	chr9,46349410,46351172	26.49
chr16,10486858,10489086	chr9,96161928,96162544	9.42
chr16,10486858,10489086	chrX,74274824,74274982	513.51
chr16,10486858,10489086	chrX,157645484,157646037	13.5
chr16,10489551,10489878	chr1,5023532,5024130	22.05
chr16,10489551,10489878	chr1,13134287,13135176	26.49
chr16,10489551,10489878	chr1,36474736,36475069	45.11
chr16,10489551,10489878	chr10,8778440,8779206	49.95
chr16,10489551,10489878	chr10,38721627,38721834	45.11
chr16,10489551,10489878	chr10,72456022,72456327	17.72
chr16,10489551,10489878	chr11,55397678,55398563	17.72
chr16,10489551,10489878	chr11,72525165,72526321	26.49
chr16,10489551,10489878	chr12,3705302,3706143	49.95
chr16,10489551,10489878	chr13,91093811,91093983	64.85
chr16,10489551,10489878	chr14,34517827,34518321	690.03
chr16,10489551,10489878	chr14,60197488,60197853	17.72
chr16,10489551,10489878	chr15,6484822,6485152	59.82
chr16,10489551,10489878	chr15,9529364,9529601	59.82
chr16,10489551,10489878	chr15,40722827,40723321	5.49
chr16,10489551,10489878	chr15,57888684,57890053	59.82
chr16,10489551,10489878	chr15,97926888,97927567	85.46
chr16,10489551,10489878	chr16,3963007,3964322	7.01
chr16,10489551,10489878	chr16,4600613,4600744	8.41
chr16,10489551,10489878	chr16,4632864,4632998	6.67
chr16,10489551,10489878	chr16,4821327,4821537	6.56
chr16,10489551,10489878	chr16,5042859,5043120	78.07
chr16,10489551,10489878	chr16,8401897,8402283	21.01
chr16,10489551,10489878	chr16,8522630,8523022	7.84
chr16,10489551,10489878	chr16,8534857,8535710	10.43
chr16,10489551,10489878	chr16,8790918,8791135	6.32
chr16,10489551,10489878	chr16,8791406,8791729	31.75
chr16,10489551,10489878	chr16,9762223,9762877	5.39
chr16,10489551,10489878	chr16,10436765,10437211	6.15
chr16,10489551,10489878	chr16,10446932,10447355	5.48
chr16,10489551,10489878	chr16,10461408,10461613	5.43
chr16,10489551,10489878	chr16,10508953,10509248	5.04
chr16,10489551,10489878	chr16,10792957,10793332	5.59
chr16,10489551,10489878	chr16,10828677,10830145	10.08
chr16,10489551,10489878	chr16,10935775,10936280	8.14
chr16,10489551,10489878	chr16,10944565,10944698	5.98
chr16,10489551,10489878	chr16,11022901,11023092	6.19
chr16,10489551,10489878	chr16,11132519,11132718	10.48
chr16,10489551,10489878	chr16,11248096,11248197	6.28
chr16,10489551,10489878	chr16,11563189,11564979	5.04
chr16,10489551,10489878	chr16,11647385,11648564	6.96
chr16,10489551,10489878	chr16,12037243,12037901	9.23
chr16,10489551,10489878	chr16,13366917,13367076	8.47
chr16,10489551,10489878	chr16,13821570,13822291	250.57
chr16,10489551,10489878	chr16,14200142,14201335	11.35
chr16,10489551,10489878	chr16,14319895,14321494	7.49
chr16,10489551,10489878	chr16,17204298,17205169	125.68
chr16,10489551,10489878	chr16,18196470,18196858	743.69
chr16,10489551,10489878	chr16,18673087,18674047	14.38
chr16,10489551,10489878	chr16,21928565,21929067	56.42
chr16,10489551,10489878	chr16,22398371,22398767	575.45
chr16,10489551,10489878	chr16,24728318,24729110	7.17
chr16,10489551,10489878	chr16,26794840,26795175	36.98
chr16,10489551,10489878	chr16,29778748,29779851	81.18
chr16,10489551,10489878	chr16,29943598,29944052	6.61
chr16,10489551,10489878	chr16,33995522,33996059	70.66
chr16,10489551,10489878	chr16,35629517,35630287	86.1
chr16,10489551,10489878	chr16,37408347,37409289	65.44
chr16,10489551,10489878	chr16,37677047,37677335	10.05
chr16,10489551,10489878	chr16,38644563,38645164	40.9
chr16,10489551,10489878	chr16,41445260,41445514	641.38
chr16,10489551,10489878	chr16,43315215,43316347	18.14
chr16,10489551,10489878	chr16,43654757,43655383	70.32
chr16,10489551,10489878	chr16,44523345,44523875	75.42
chr16,10489551,10489878	chr16,45894343,45894721	257.56
chr16,10489551,10489878	chr16,57304833,57305228	35.83
chr16,10489551,10489878	chr16,60616685,60617350	40.5
chr16,10489551,10489878	chr16,84970285,84970487	533.55
chr16,10489551,10489878	chr16,90370744,90371705	54.91
chr16,10489551,10489878	chr16,92105249,92105731	13.55
chr16,10489551,10489878	chr16,95799932,95800449	9.47
chr16,10489551,10489878	chr16,97462428,97462627	5.54
chr16,10489551,10489878	chr18,7920582,7920701	17.72
chr16,10489551,10489878	chr18,36265162,36265566	85.46
chr16,10489551,10489878	chr18,39088873,39089802	35.64
chr16,10489551,10489878	chr19,36445568,36449780	288.05
chr16,10489551,10489878	chr2,126519755,126520551	13.5
chr16,10489551,10489878	chr2,156286940,156287423	9.42
chr16,10489551,10489878	chr4,50138503,50138909	9.42
chr16,10489551,10489878	chr4,110982051,110982231	13.5
chr16,10489551,10489878	chr4,150207750,150208994	13.5
chr16,10489551,10489878	chr5,28662276,28662564	59.82
chr16,10489551,10489878	chr5,29423530,29423963	151.17
chr16,10489551,10489878	chr6,6474226,6475044	45.11
chr16,10489551,10489878	chr6,25766565,25767470	587.4
chr16,10489551,10489878	chr6,34320141,34320371	59.82
chr16,10489551,10489878	chr6,48751875,48752055	31.02
chr16,10489551,10489878	chr6,137500947,137501234	13.5
chr16,10489551,10489878	chr7,19463948,19464085	5.49
chr16,10489551,10489878	chr7,28050681,28051232	31.02
chr16,10489551,10489878	chr7,82311962,82312369	17.72
chr16,10489551,10489878	chr7,138407688,138407963	45.11
chr16,10489551,10489878	chr8,86600627,86601052	5.49
chr16,10489551,10489878	chr9,30401920,30402440	35.64
chr16,10489551,10489878	chr9,33470320,33470566	9.42
chr16,10489551,10489878	chr9,35533810,35534256	17.72
chr16,10489551,10489878	chr9,47283108,47283782	17.72
chr16,10489551,10489878	chr9,79238635,79238843	13.5
chr16,10489551,10489878	chrX,17376805,17377295	13.5
chr16,10489551,10489878	chrX,50765194,50765750	17.72
chr2,168766420,168767218	chr1,89799350,89799586	35.64
chr2,168766420,168767218	chr1,173861276,173861674	13.5
chr2,168766420,168767218	chr10,117135462,117137576	5.49
chr2,168766420,168767218	chr11,108665777,108666100	9.42
chr2,168766420,168767218	chr13,43920875,43921055	22.05
chr2,168766420,168767218	chr13,46117670,46118058	5.49
chr2,168766420,168767218	chr13,49567265,49568041	17.72
chr2,168766420,168767218	chr13,104296319,104297292	5.49
chr2,168766420,168767218	chr15,10567313,10567721	233.13
chr2,168766420,168767218	chr15,67942875,67944895	5.49
chr2,168766420,168767218	chr18,41893596,41894202	156.86
chr2,168766420,168767218	chr19,5478104,5479018	5.49
chr2,168766420,168767218	chr2,52437270,52437519	5.51
chr2,168766420,168767218	chr2,68277714,68278175	9.45
chr2,168766420,168767218	chr2,76088279,76088731	13.54
chr2,168766420,168767218	chr2,80030250,80030667	40.38
chr2,168766420,168767218	chr2,90251825,90252011	101.44
chr2,168766420,168767218	chr2,92523194,92523497	9.48
chr2,168766420,168767218	chr2,98237509,98237970	5.57
chr2,168766420,168767218	chr2,104966685,104967055	233.2
chr2,168766420,168767218	chr2,107853504,107854023	269.65
chr2,168766420,168767218	chr2,109963950,109964346	5.61
chr2,168766420,168767218	chr2,112670625,112671350	31.14
chr2,168766420,168767218	chr2,117772098,117773411	50.11
chr2,168766420,168767218	chr2,123967994,123968210	9.64
chr2,168766420,168767218	chr2,124811342,124811671	9.65
chr2,168766420,168767218	chr2,127428293,127428399	45.36
chr2,168766420,168767218	chr2,127846289,127847080	5.76
chr2,168766420,168767218	chr2,128205483,128206053	5.77
chr2,168766420,168767218	chr2,130985965,130986170	50.26
chr2,168766420,168767218	chr2,131856640,131857169	5.83
chr2,168766420,168767218	chr2,141613600,141614672	31.64
chr2,168766420,168767218	chr2,145312138,145312841	41.13
chr2,168766420,168767218	chr2,150135529,150136135	10.6
chr2,168766420,168767218	chr2,150362965,150363550	10.62
chr2,168766420,168767218	chr2,150988219,150988640	18.86
chr2,168766420,168767218	chr2,151860979,151861804	10.77
chr2,168766420,168767218	chr2,153406864,153408946	10.93
chr2,168766420,168767218	chr2,154001321,154002045	51.41
chr2,168766420,168767218	chr2,155788498,155788663	208.65
chr2,168766420,168767218	chr2,157595162,157596125	11.22
chr2,168766420,168767218	chr2,158009616,158009856	7.66
chr2,168766420,168767218	chr2,159115020,159115129	51.74
chr2,168766420,168767218	chr2,159316158,159316827	25.74
chr2,168766420,168767218	chr2,160080192,160081810	7.78
chr2,168766420,168767218	chr2,160704350,160704583	25.5
chr2,168766420,168767218	chr2,163047912,163048022	80.77
chr2,168766420,168767218	chr2,163103942,163105564	15.17
chr2,168766420,168767218	chr2,165055694,165055851	6.67
chr2,168766420,168767218	chr2,165834322,165834511	25.42
chr2,168766420,168767218	chr2,166887451,166887661	7.14
chr2,168766420,168767218	chr2,167693517,167694856	5.01
chr2,168766420,168767218	chr2,168315014,168315280	6.92
chr2,168766420,168767218	chr2,168424537,168424916	5.34
chr2,168766420,168767218	chr2,168464208,168465056	7.35
chr2,168766420,168767218	chr2,168669063,168669790	5.22
chr2,168766420,168767218	chr2,168711000,168711303	5.22
chr2,168766420,168767218	chr2,168736020,168736269	5.4
chr2,168766420,168767218	chr2,168798987,168799765	5.29
chr2,168766420,168767218	chr2,169035916,169036321	7.13
chr2,168766420,168767218	chr2,169365768,169365906	5.5
chr2,168766420,168767218	chr2,169532480,169532827	11.9
chr2,168766420,168767218	chr2,170138168,170138683	6.28
chr2,168766420,168767218	chr2,170929378,170930056	17.42
chr2,168766420,168767218	chr2,172897288,172898255	14.32
chr2,168766420,168767218	chr2,174761920,174762582	114.53
chr2,168766420,168767218	chr2,174864713,174865287	7.13
chr2,168766420,168767218	chr2,178093409,178094113	13.66
chr2,168766420,168767218	chr2,179787845,179788381	22.8
chr2,168766420,168767218	chr2,179822134,179822855	7.62
chr2,168766420,168767218	chr2,180124935,180125204	11.23
chr2,168766420,168767218	chr2,180756337,180756565	23.74
chr2,168766420,168767218	chr2,181447289,181447888	37.41
chr2,168766420,168767218	chr3,74574545,74574789	5.49
chr2,168766420,168767218	chr3,83855191,83855335	31.02
chr2,168766420,168767218	chr3,145821604,145821732	13.5
chr2,168766420,168767218	chr4,134498630,134499977	26.49
chr2,168766420,168767218	chr4,149074505,149075057	22.05
chr2,168766420,168767218	chr4,155614968,155615350	139.88
chr2,168766420,168767218	chr5,123460393,123460984	5.49
chr2,168766420,168767218	chr5,133786676,133787349	17.72
chr2,168766420,168767218	chr5,136239630,136240104	9.42
chr2,168766420,168767218	chr5,146134850,146136240	5.49
chr2,168766420,168767218	chr6,143292605,143292909	17.72
chr2,168766420,168767218	chr7,12734753,12734951	35.64
chr2,168766420,168767218	chr7,30070288,30070495	5.49
chr2,168766420,168767218	chr7,111276139,111276757	9.42
chr2,168766420,168767218	chr7,118874079,118874278	5.49
chr2,168766420,168767218	chr7,125517015,125517688	9.42
chr2,168766420,168767218	chr7,131281187,131281524	13.5
chr2,168766420,168767218	chr8,24651465,24651913	9.42
chr2,168766420,168767218	chrX,22282603,22282859	9.42
chr3,34648729,34650279	chr1,190451410,190451521	101.39
chr3,34648729,34650279	chr11,24764830,24765997	17.72
chr3,34648729,34650279	chr11,54168033,54169151	13.5
chr3,34648729,34650279	chr11,112280379,112280723	26.49
chr3,34648729,34650279	chr11,116579428,116579654	13.5
chr3,34648729,34650279	chr15,17589427,17589664	191.56
chr3,34648729,34650279	chr15,40786479,40786642	5.49
chr3,34648729,34650279	chr15,91577034,91577188	197.43
chr3,34648729,34650279	chr16,29586302,29586551	9.42
chr3,34648729,34650279	chr17,67290243,67290634	31.02
chr3,34648729,34650279	chr17,73154162,73154599	5.49
chr3,34648729,34650279	chr19,58926349,58926734	281.87
chr3,34648729,34650279	chr2,118289939,118290071	96.04
chr3,34648729,34650279	chr3,5852694,5853143	22.6
chr3,34648729,34650279	chr3,13916435,13917234	6.51
chr3,34648729,34650279	chr3,17150315,17151674	10.72
chr3,34648729,34650279	chr3,25980200,25980468	16.17
chr3,34648729,34650279	chr3,26164866,26165101	13.6
chr3,34648729,34650279	chr3,26581785,26581909	22.24
chr3,34648729,34650279	chr3,29475440,29476292	29.49
chr3,34648729,34650279	chr3,30518265,30519323	10.17
chr3,34648729,34650279	chr3,31408104,31408842	8.56
chr3,34648729,34650279	chr3,31721488,31721692	7.97
chr3,34648729,34650279	chr3,32583559,32583901	8.11
chr3,34648729,34650279	chr3,33561296,33561917	7.76
chr3,34648729,34650279	chr3,34421409,34421736	5.01
chr3,34648729,34650279	chr3,34529306,34530037	6.32
chr3,34648729,34650279	chr3,34821652,34821754	7.46
chr3,34648729,34650279	chr3,34914182,34914408	5.36
chr3,34648729,34650279	chr3,35271424,35271569	6.43
chr3,34648729,34650279	chr3,35486417,35486697	11.59
chr3,34648729,34650279	chr3,35506571,35506960	8.82
chr3,34648729,34650279	chr3,35720433,35720633	5.5
chr3,34648729,34650279	chr3,36432892,36433094	6.36
chr3,34648729,34650279	chr3,36649448,36649866	5.04
chr3,34648729,34650279	chr3,39502082,39503442	11.38
chr3,34648729,34650279	chr3,40421997,40422459	9.23
chr3,34648729,34650279	chr3,40480896,40481720	7.34
chr3,34648729,34650279	chr3,41603793,41603979	20.29
chr3,34648729,34650279	chr3,54735112,54735901	14.55
chr3,34648729,34650279	chr3,57940359,57940860	134.96
chr3,34648729,34650279	chr3,59278309,59279232	22.78
chr3,34648729,34650279	chr3,61292681,61293589	22.67
chr3,34648729,34650279	chr3,78271297,78271420	9.65
chr3,34648729,34650279	chr3,101015898,101017029	5.58
chr3,34648729,34650279	chr3,109420882,109421020	13.57
chr3,34648729,34650279	chr3,118020031,118020246	13.55
chr3,34648729,34650279	chr3,136320850,136320999	5.52
chr3,34648729,34650279	chr3,139866564,139867320	9.45
chr3,34648729,34650279	chr3,157608576,157609056	17.74
chr3,34648729,34650279	chr4,123579390,123579604	5.49
chr3,34648729,34650279	chr5,36766049,36766256	13.5
chr3,34648729,34650279	chr5,40119346,40119457	13.5
chr3,34648729,34650279	chr5,62557983,62559824	22.05
chr3,34648729,34650279	chr7,105520891,105521256	5.49
chr4,55531324,55531996	chr1,9887852,9888696	5.49
chr4,55531324,55531996	chr1,49709252,49710250	9.42
chr4,55531324,55531996	chr10,47313587,47313806	112.21
chr4,55531324,55531996	chr10,119135942,119136424	54.86
chr4,55531324,55531996	chr11,61510952,61511633	5.49
chr4,55531324,55531996	chr12,21347648,21348047	13.5
chr4,55531324,55531996	chr13,98352187,98352698	5.49
chr4,55531324,55531996	chr13,110037798,110038445	13.5
chr4,55531324,55531996	chr13,110450013,110450591	13.5
chr4,55531324,55531996	chr14,21741867,21742364	31.02
chr4,55531324,55531996	chr14,105700543,105700780	9.42
chr4,55531324,55531996	chr16,33180007,33180151	54.86
chr4,55531324,55531996	chr3,24430904,24431689	17.72
chr4,55531324,55531996	chr4,12187429,12187913	9.66
chr4,55531324,55531996	chr4,26286025,26286155	14.05
chr4,55531324,55531996	chr4,35985382,35985576	81.26
chr4,55531324,55531996	chr4,36707593,36710358	18.87
chr4,55531324,55531996	chr4,41639869,41640552	92.16
chr4,55531324,55531996	chr4,44102851,44103148	11.47
chr4,55531324,55531996	chr4,45605265,45605414	11.56
chr4,55531324,55531996	chr4,45841959,45842849	14.91
chr4,55531324,55531996	chr4,46522623,46523354	11.51
chr4,55531324,55531996	chr4,47904684,47904874	11.11
chr4,55531324,55531996	chr4,54853979,54854813	7.39
chr4,55531324,55531996	chr4,55393602,55394037	5.68
chr4,55531324,55531996	chr4,55394947,55396612	5.47
chr4,55531324,55531996	chr4,55411355,55411944	5.76
chr4,55531324,55531996	chr4,55421752,55421992	5.64
chr4,55531324,55531996	chr4,55575079,55575720	5.8
chr4,55531324,55531996	chr4,55645528,55646374	5.84
chr4,55531324,55531996	chr4,55648857,55649133	6.55
chr4,55531324,55531996	chr4,55664521,55664891	5.08
chr4,55531324,55531996	chr4,55697375,55697851	5.52
chr4,55531324,55531996	chr4,55722185,55722377	5.77
chr4,55531324,55531996	chr4,55736190,55736499	5.48
chr4,55531324,55531996	chr4,55765652,55765919	5.26
chr4,55531324,55531996	chr4,55770918,55771124	6.51
chr4,55531324,55531996	chr4,55776097,55777127	5.28
chr4,55531324,55531996	chr4,55819401,55819753	8.78
chr4,55531324,55531996	chr4,56049064,56049497	6.44
chr4,55531324,55531996	chr4,56049498,56051103	5.57
chr4,55531324,55531996	chr4,56362491,56362802	10.11
chr4,55531324,55531996	chr4,57345401,57345665	5.21
chr4,55531324,55531996	chr4,57412502,57412618	5.29
chr4,55531324,55531996	chr4,63331078,63332105	112.1
chr4,55531324,55531996	chr4,74353365,74353505	10.6
chr4,55531324,55531996	chr4,82393111,82393714	18.36
chr4,55531324,55531996	chr4,83263782,83265176	6.1
chr4,55531324,55531996	chr4,88232219,88232503	5.93
chr4,55531324,55531996	chr4,115011622,115012043	26.6
chr4,55531324,55531996	chr4,125292347,125292471	90.8
chr4,55531324,55531996	chr4,126982330,126982490	5.56
chr4,55531324,55531996	chr4,138912751,138913700	22.08
chr4,55531324,55531996	chr4,143245540,143246585	13.55
chr4,55531324,55531996	chr4,144894745,144895281	22.09
chr4,55531324,55531996	chr4,149222351,149222645	54.89
chr4,55531324,55531996	chr5,25890634,25891517	5.49
chr4,55531324,55531996	chr8,42124618,42125888	17.72
chr4,55531324,55531996	chr9,85342622,85343256	9.42
chr4,55531324,55531996	chrX,95049522,95049666	117.68
chr6,122339268,122340303	chr1,64302776,64304221	26.49
chr6,122339268,122340303	chr10,52248108,52248559	5.49
chr6,122339268,122340303	chr10,64365018,64365287	59.82
chr6,122339268,122340303	chr10,76883153,76884034	191.56
chr6,122339268,122340303	chr10,94012566,94012827	54.86
chr6,122339268,122340303	chr10,102385677,102386636	40.34
chr6,122339268,122340303	chr10,119150970,119151557	17.72
chr6,122339268,122340303	chr11,83451447,83452290	26.49
chr6,122339268,122340303	chr12,90915274,90915520	151.17
chr6,122339268,122340303	chr13,96292866,96292995	9.42
chr6,122339268,122340303	chr15,46119714,46120060	139.88
chr6,122339268,122340303	chr15,57089691,57089807	31.02
chr6,122339268,122340303	chr15,61528673,61529232	5.49
chr6,122339268,122340303	chr16,91040776,91041341	22.05
chr6,122339268,122340303	chr17,87086760,87086983	13.5
chr6,122339268,122340303	chr17,92351887,92352141	5.49
chr6,122339268,122340303	chr19,50318081,50318425	227.12
chr6,122339268,122340303	chr2,103139272,103139802	90.73
chr6,122339268,122340303	chr2,118851050,118851678	145.51
chr6,122339268,122340303	chr2,125036393,125036981	5.49
chr6,122339268,122340303	chr2,156716913,156718210	13.5
chr6,122339268,122340303	chr2,168264854,168264995	9.42
chr6,122339268,122340303	chr3,38234129,38234538	9.42
chr6,122339268,122340303	chr3,94473886,94474040	22.05
chr6,122339268,122340303	chr3,153603177,153603686	203.32
chr6,122339268,122340303	chr6,3477099,3477435	5.51
chr6,122339268,122340303	chr6,17303606,17303871	54.88
chr6,122339268,122340303	chr6,24923974,24924788	5.53
chr6,122339268,122340303	chr6,33304915,33305297	245.23
chr6,122339268,122340303	chr6,40247671,40248306	59.87
chr6,122339268,122340303	chr6,41075062,41076165	5.55
chr6,122339268,122340303	chr6,41867544,41868113	50
chr6,122339268,122340303	chr6,47900997,47901450	162.63
chr6,122339268,122340303	chr6,56876952,56877608	174.17
chr6,122339268,122340303	chr6,59301939,59302251	22.15
chr6,122339268,122340303	chr6,61247372,61247862	25.69
chr6,122339268,122340303	chr6,65970410,65970835	64.97
chr6,122339268,122340303	chr6,66971744,66972007	85.58
chr6,122339268,122340303	chr6,70589362,70590220	5.65
chr6,122339268,122340303	chr6,79014425,79014923	5.73
chr6,122339268,122340303	chr6,89089806,89090269	129.1
chr6,122339268,122340303	chr6,89431535,89431679	9.85
chr6,122339268,122340303	chr6,92253870,92254038	6.01
chr6,122339268,122340303	chr6,93890543,93891140	6.08
chr6,122339268,122340303	chr6,94794560,94794937	31.63
chr6,122339268,122340303	chr6,96009320,96009484	168.88
chr6,122339268,122340303	chr6,100875627,100878179	18.67
chr6,122339268,122340303	chr6,101093989,101094227	14.48
chr6,122339268,122340303	chr6,102455736,102456722	10.51
chr6,122339268,122340303	chr6,106758027,106758819	204.1
chr6,122339268,122340303	chr6,107033726,107034396	7.07
chr6,122339268,122340303	chr6,108814983,108815234	32.78
chr6,122339268,122340303	chr6,116902352,116902865	11.52
chr6,122339268,122340303	chr6,117706617,117708303	13.58
chr6,122339268,122340303	chr6,118603726,118603921	9.11
chr6,122339268,122340303	chr6,119079609,119079752	8.34
chr6,122339268,122340303	chr6,119377103,119377765	206.76
chr6,122339268,122340303	chr6,119777300,119778264	154.4
chr6,122339268,122340303	chr6,120669583,120669819	6.2
chr6,122339268,122340303	chr6,121171051,121171676	14.95
chr6,122339268,122340303	chr6,121271042,121271929	11.94
chr6,122339268,122340303	chr6,121779979,121780693	7.69
chr6,122339268,122340303	chr6,121793399,121793757	11.64
chr6,122339268,122340303	chr6,122258163,122259046	6.12
chr6,122339268,122340303	chr6,122580230,122580438	7.94
chr6,122339268,122340303	chr6,122652929,122654224	5.66
chr6,122339268,122340303	chr6,122675411,122676161	7.4
chr6,122339268,122340303	chr6,122849355,122850064	6.35
chr6,122339268,122340303	chr6,122856024,122856131	5.29
chr6,122339268,122340303	chr6,124690116,124691095	22.11
chr6,122339268,122340303	chr6,125131820,125132015	7.55
chr6,122339268,122340303	chr6,125539745,125539867	7.11
chr6,122339268,122340303	chr6,128598601,128599588	14.5
chr6,122339268,122340303	chr6,130379374,130379608	11.35
chr6,122339268,122340303	chr6,134829148,134829880	22.8
chr6,122339268,122340303	chr6,135297556,135297666	7.4
chr6,122339268,122340303	chr6,135536306,135537286	192.23
chr6,122339268,122340303	chr6,136191454,136192910	86.94
chr6,122339268,122340303	chr6,136399672,136400861	46.75
chr6,122339268,122340303	chr6,137531608,137532914	227.73
chr6,122339268,122340303	chr6,139578233,139578356	140.91
chr6,122339268,122340303	chr6,140138923,140139518	6.78
chr6,122339268,122340303	chr6,142996552,142997269	10.44
chr6,122339268,122340303	chr6,144049851,144050168	6.44
chr6,122339268,122340303	chr6,145345277,145345811	6.35
chr6,122339268,122340303	chr6,147048406,147048898	14.26
chr6,122339268,122340303	chr7,124822508,124823986	13.5
chr6,122339268,122340303	chrX,165666034,165666484	5.49
chr6,122707354,122707701	chr1,80621418,80621783	26.49
chr6,122707354,122707701	chr10,87364858,87365056	35.64
chr6,122707354,122707701	chr13,12313423,12314057	17.72
chr6,122707354,122707701	chr16,80587176,80588142	22.05
chr6,122707354,122707701	chr17,67290243,67290634	64.85
chr6,122707354,122707701	chr3,10971959,10972617	75.06
chr6,122707354,122707701	chr4,75975163,75975456	185.71
chr6,122707354,122707701	chr6,6883399,6883904	22.07
chr6,122707354,122707701	chr6,8319937,8320114	9.44
chr6,122707354,122707701	chr6,48460722,48460840	96.1
chr6,122707354,122707701	chr6,48905525,48905859	168.38
chr6,122707354,122707701	chr6,54035878,54036383	5.57
chr6,122707354,122707701	chr6,61848274,61849205	145.61
chr6,122707354,122707701	chr6,72244237,72244467	5.66
chr6,122707354,122707701	chr6,74689354,74690594	26.67
chr6,122707354,122707701	chr6,76839323,76839937	60.03
chr6,122707354,122707701	chr6,80368134,80369618	13.75
chr6,122707354,122707701	chr6,84953241,84953877	22.38
chr6,122707354,122707701	chr6,98514181,98514535	6.28
chr6,122707354,122707701	chr6,103914048,103914479	60.98
chr6,122707354,122707701	chr6,107013286,107013862	76.5
chr6,122707354,122707701	chr6,107478348,107478476	27.19
chr6,122707354,122707701	chr6,108522516,108522959	81.84
chr6,122707354,122707701	chr6,113874215,113874613	15.71
chr6,122707354,122707701	chr6,114235991,114236322	103.25
chr6,122707354,122707701	chr6,115355113,115355395	8.55
chr6,122707354,122707701	chr6,116694589,116694894	8.66
chr6,122707354,122707701	chr6,117711802,117712306	10.72
chr6,122707354,122707701	chr6,118011070,118011641	10.41
chr6,122707354,122707701	chr6,118181957,118182151	5.66
chr6,122707354,122707701	chr6,120604370,120605063	19.86
chr6,122707354,122707701	chr6,121463102,121463513	7.77
chr6,122707354,122707701	chr6,121565412,121565989	6.64
chr6,122707354,122707701	chr6,122367874,122368210	5.08
chr6,122707354,122707701	chr6,122592948,122594211	5.63
chr6,122707354,122707701	chr6,122757741,122757881	5.06
chr6,122707354,122707701	chr6,122928576,122928976	8.29
chr6,122707354,122707701	chr6,122933509,122933776	5.81
chr6,122707354,122707701	chr6,122964763,122965137	6.51
chr6,122707354,122707701	chr6,122986365,122986816	5.2
chr6,122707354,122707701	chr6,123293940,123294094	5.39
chr6,122707354,122707701	chr6,123891211,123891756	6.29
chr6,122707354,122707701	chr6,124106386,124107343	6.19
chr6,122707354,122707701	chr6,128070375,128071117	126.17
chr6,122707354,122707701	chr6,143529570,143529737	6.51
chr6,122707354,122707701	chr7,68622593,68623759	5.49
chr6,122707354,122707701	chr8,56501480,56501809	13.5
chr8,72317488,72319340	chr10,18575802,18576223	22.05
chr8,72317488,72319340	chr11,29222669,29222999	35.64
chr8,72317488,72319340	chr11,85506556,85506666	9.42
chr8,72317488,72319340	chr11,97418232,97418407	5.49
chr8,72317488,72319340	chr11,119647960,119648382	5.49
chr8,72317488,72319340	chr11,120889389,120889839	9.42
chr8,72317488,72319340	chr12,119274378,119278365	13.5
chr8,72317488,72319340	chr13,99020282,99022690	17.72
chr8,72317488,72319340	chr14,96455749,96456162	13.5
chr8,72317488,72319340	chr15,75226001,75226258	22.05
chr8,72317488,72319340	chr16,18008002,18009480	5.49
chr8,72317488,72319340	chr16,95437725,95438272	17.72
chr8,72317488,72319340	chr17,28531033,28531363	5.49
chr8,72317488,72319340	chr17,74714743,74714910	5.49
chr8,72317488,72319340	chr19,20717640,20719207	26.49
chr8,72317488,72319340	chr19,41754407,41754671	69.93
chr8,72317488,72319340	chr19,45096380,45098906	9.42
chr8,72317488,72319340	chr2,10297165,10297495	363.45
chr8,72317488,72319340	chr2,156778668,156778922	9.42
chr8,72317488,72319340	chr2,167930154,167930281	9.42
chr8,72317488,72319340	chr3,41737092,41737318	85.46
chr8,72317488,72319340	chr4,8800005,8800113	5.49
chr8,72317488,72319340	chr4,82372159,82372482	5.49
chr8,72317488,72319340	chr4,95701888,95702149	13.5
chr8,72317488,72319340	chr4,108413889,108414623	22.05
chr8,72317488,72319340	chr5,116795813,116796018	80.23
chr8,72317488,72319340	chr5,122449859,122450517	5.49
chr8,72317488,72319340	chr6,115876474,115877275	17.72
chr8,72317488,72319340	chr6,129093262,129093498	35.64
chr8,72317488,72319340	chr6,145185397,145185588	40.34
chr8,72317488,72319340	chr8,8047040,8047285	17.81
chr8,72317488,72319340	chr8,11655174,11655807	9.53
chr8,72317488,72319340	chr8,22464011,22465261	101.55
chr8,72317488,72319340	chr8,35105897,35106489	13.83
chr8,72317488,72319340	chr8,60723814,60723960	7.65
chr8,72317488,72319340	chr8,67273309,67273488	22.36
chr8,72317488,72319340	chr8,67966048,67966732	30.22
chr8,72317488,72319340	chr8,68793603,68794105	8.1
chr8,72317488,72319340	chr8,69240187,69240737	140.21
chr8,72317488,72319340	chr8,69337468,69338269	6.17
chr8,72317488,72319340	chr8,70138146,70138517	29.27
chr8,72317488,72319340	chr8,70434200,70435124	14.59
chr8,72317488,72319340	chr8,71633041,71633183	6.01
chr8,72317488,72319340	chr8,71955179,71955503	5.81
chr8,72317488,72319340	chr8,72092141,72092952	5.19
chr8,72317488,72319340	chr8,72148795,72148997	5.56
chr8,72317488,72319340	chr8,72360896,72362103	6.42
chr8,72317488,72319340	chr8,72577462,72578791	5.12
chr8,72317488,72319340	chr8,74291387,74291734	6.62
chr8,72317488,72319340	chr8,75236762,75237432	9.46
chr8,72317488,72319340	chr8,79050536,79050697	106.7
chr8,72317488,72319340	chr8,84757932,84758910	56.7
chr8,72317488,72319340	chr8,84810371,84811013	92.38
chr8,72317488,72319340	chr8,85442718,85442972	11.29
chr8,72317488,72319340	chr8,87955558,87956709	10.95
chr8,72317488,72319340	chr8,90110732,90111449	27.76
chr8,72317488,72319340	chr8,95927947,95928588	6.32
chr8,72317488,72319340	chr8,104392274,104392697	26.94
chr8,72317488,72319340	chr8,107451917,107452040	9.8
chr8,72317488,72319340	chr8,110662029,110662688	35.94
chr8,72317488,72319340	chr8,111753308,111753715	25.87
chr8,72317488,72319340	chr8,113555847,113556225	185.95
chr8,72317488,72319340	chr8,113651853,113652980	5.76
chr8,72317488,72319340	chr8,119531095,119531774	5.69
chr8,72317488,72319340	chr8,119576672,119577268	112.39
chr8,72317488,72319340	chr8,123986367,123986644	376.34
chr8,72317488,72319340	chr8,125835364,125835625	9.57
chr8,72317488,72319340	chr8,126152961,126153527	13.64
chr8,72317488,72319340	chr9,64932810,64933607	31.02
chr8,72317488,72319340	chr9,109095580,109095725	17.72
chr8,72317488,72319340	chrX,84070249,84070539	31.02
chr8,72317488,72319340	chrX,113831838,113831974	45.11
chr8,72317488,72319340	chrX,154445953,154446064	221.14
chr9,78368132,78368522	chr1,135397651,135398002	5.49
chr9,78368132,78368522	chr10,125758822,125759216	5.49
chr9,78368132,78368522	chr10,127618388,127619793	9.42
chr9,78368132,78368522	chr13,25074032,25074430	26.49
chr9,78368132,78368522	chr13,78544451,78545396	128.71
chr9,78368132,78368522	chr14,47161900,47162085	13.5
chr9,78368132,78368522	chr15,98758123,98758849	9.42
chr9,78368132,78368522	chr18,38287013,38288099	35.64
chr9,78368132,78368522	chr3,89034982,89035852	9.42
chr9,78368132,78368522	chr4,105675083,105675798	13.5
chr9,78368132,78368522	chr5,121932864,121932986	117.68
chr9,78368132,78368522	chr7,101135564,101136247	85.46
chr9,78368132,78368522	chr8,76901272,76901599	5.49
chr9,78368132,78368522	chr9,21862296,21863526	31.14
chr9,78368132,78368522	chr9,22367108,22367280	26.61
chr9,78368132,78368522	chr9,23792415,23792698	5.63
chr9,78368132,78368522	chr9,57562864,57563823	14.52
chr9,78368132,78368522	chr9,64982086,64982470	71.7
chr9,78368132,78368522	chr9,67693399,67693683	42.62
chr9,78368132,78368522	chr9,71487295,71487473	8.75
chr9,78368132,78368522	chr9,71735572,71735909	12.28
chr9,78368132,78368522	chr9,73461467,73461995	5.76
chr9,78368132,78368522	chr9,74963827,74964589	7.87
chr9,78368132,78368522	chr9,75348046,75348241	89.72
chr9,78368132,78368522	chr9,77371114,77372571	13.87
chr9,78368132,78368522	chr9,77875868,77876650	9.81
chr9,78368132,78368522	chr9,77898776,77899360	5.6
chr9,78368132,78368522	chr9,78037119,78037328	5.04
chr9,78368132,78368522	chr9,78094717,78095192	7.33
chr9,78368132,78368522	chr9,78245117,78245513	6.39
chr9,78368132,78368522	chr9,78408780,78408997	5.06
chr9,78368132,78368522	chr9,78418352,78418846	5.23
chr9,78368132,78368522	chr9,78514750,78515314	5.62
chr9,78368132,78368522	chr9,93762099,93762393	32.58
chr9,78368132,78368522	chr9,99111972,99112129	18.74
chr9,78368132,78368522	chr9,101976920,101977973	6.32
chr9,78368132,78368522	chr9,106029800,106030159	75.66
chr9,78368132,78368522	chr9,117473466,117473974	5.79
chr9,78368132,78368522	chr9,119759797,119760178	9.68
