chr1,118628128,118629090	chr1,48026945,48027327	26.65
chr1,118628128,118629090	chr1,53041169,53041420	5.63
chr1,118628128,118629090	chr1,59096217,59096754	13.68
chr1,118628128,118629090	chr1,65862639,65863004	157.32
chr1,118628128,118629090	chr1,97931834,97931945	51.09
chr1,118628128,118629090	chr1,98706202,98707707	135.53
chr1,118628128,118629090	chr1,103766130,103766289	7.18
chr1,118628128,118629090	chr1,104593626,104594287	42.16
chr1,118628128,118629090	chr1,106759304,106759673	27.74
chr1,118628128,118629090	chr1,107981620,107981858	119.56
chr1,118628128,118629090	chr1,112797270,112797427	234.28
chr1,118628128,118629090	chr1,114415150,114417178	9.58
chr1,118628128,118629090	chr1,114721306,114722049	18.41
chr1,118628128,118629090	chr1,116531358,116531902	22.45
chr1,118628128,118629090	chr1,117559575,117559971	9.1
chr1,118628128,118629090	chr1,118231845,118232536	8.38
chr1,118628128,118629090	chr1,118327927,118328225	5.37
chr1,118628128,118629090	chr1,118355150,118355363	5.15
chr1,118628128,118629090	chr1,118794521,118795733	7.61
chr1,118628128,118629090	chr1,118925247,118925383	7.53
chr1,118628128,118629090	chr1,118950468,118950781	9.02
chr1,118628128,118629090	chr1,119226114,119226384	5.22
chr1,118628128,118629090	chr1,119226385,119226719	5.74
chr1,118628128,118629090	chr1,121253365,121253742	5.09
chr1,118628128,118629090	chr1,122210974,122211553	5.49
chr1,118628128,118629090	chr1,124712689,124712994	8.55
chr1,118628128,118629090	chr1,126652187,126652720	20.69
chr1,118628128,118629090	chr1,132242726,132243270	7.36
chr1,118628128,118629090	chr1,133057807,133058035	97.76
chr1,118628128,118629090	chr1,135680651,135681716	6.91
chr1,118628128,118629090	chr1,136650532,136650931	6.81
chr1,118628128,118629090	chr1,152299558,152300169	55.41
chr1,118628128,118629090	chr1,154124740,154124841	5.91
chr1,118628128,118629090	chr1,157203500,157204175	5.85
chr1,118628128,118629090	chr1,161285515,161285709	5.79
chr1,118628128,118629090	chr1,166120068,166120539	5.73
chr1,118628128,118629090	chr1,169583037,169583492	17.95
chr1,118628128,118629090	chr1,169973805,169974363	123.6
chr1,118628128,118629090	chr10,117409973,117411914	5.54
chr1,118628128,118629090	chr11,58605415,58605953	90.94
chr1,118628128,118629090	chr12,89222434,89222591	55.01
chr1,118628128,118629090	chr12,111043270,111043599	13.57
chr1,118628128,118629090	chr14,31908815,31909511	85.66
chr1,118628128,118629090	chr19,40927931,40928313	5.54
chr1,118628128,118629090	chr19,56100346,56100700	5.54
chr1,118628128,118629090	chr2,11713152,11713729	9.48
chr1,118628128,118629090	chr4,106114369,106114837	5.54
chr1,118628128,118629090	chr5,114992111,114993511	26.58
chr1,118628128,118629090	chr6,104402500,104402847	9.48
chr1,118628128,118629090	chr6,114288975,114289650	17.79
chr1,118628128,118629090	chr7,120619718,120619999	5.54
chr1,118628128,118629090	chr9,21366314,21366751	9.48
chr11,100938874,100939386	chr1,122108287,122109541	35.75
chr11,100938874,100939386	chr1,123281342,123281887	22.13
chr11,100938874,100939386	chr1,127732280,127732726	151.49
chr11,100938874,100939386	chr10,68444370,68445217	13.57
chr11,100938874,100939386	chr10,76297293,76297451	31.12
chr11,100938874,100939386	chr10,77940501,77940785	9.48
chr11,100938874,100939386	chr11,29636320,29637044	5.61
chr11,100938874,100939386	chr11,70692331,70692679	9.98
chr11,100938874,100939386	chr11,76182217,76184464	14.29
chr11,100938874,100939386	chr11,78437885,78438562	10.35
chr11,100938874,100939386	chr11,78914275,78914456	22.86
chr11,100938874,100939386	chr11,86416115,86416952	7.15
chr11,100938874,100939386	chr11,87082646,87083002	10.98
chr11,100938874,100939386	chr11,87412212,87412400	41.99
chr11,100938874,100939386	chr11,90668130,90668451	7.54
chr11,100938874,100939386	chr11,98110559,98110769	9.56
chr11,100938874,100939386	chr11,98119305,98119860	7.42
chr11,100938874,100939386	chr11,99526823,99527888	6.33
chr11,100938874,100939386	chr11,100475763,100475891	8.8
chr11,100938874,100939386	chr11,100620182,100620746	5.33
chr11,100938874,100939386	chr11,100682374,100682866	5.08
chr11,100938874,100939386	chr11,100795034,100795188	5.88
chr11,100938874,100939386	chr11,100864959,100865256	5.12
chr11,100938874,100939386	chr11,100868104,100868586	5.09
chr11,100938874,100939386	chr11,100885277,100885873	5.09
chr11,100938874,100939386	chr11,100904957,100905193	5.39
chr11,100938874,100939386	chr11,100978434,100978642	5.28
chr11,100938874,100939386	chr11,101080024,101080247	5.03
chr11,100938874,100939386	chr11,101122875,101123015	5.29
chr11,100938874,100939386	chr11,108528815,108529263	64.63
chr11,100938874,100939386	chr11,116337666,116338192	14.72
chr11,100938874,100939386	chr11,117236994,117238246	81.45
chr11,100938874,100939386	chr11,117832910,117833228	91.86
chr11,100938874,100939386	chr11,117924278,117925049	81.42
chr11,100938874,100939386	chr11,119021829,119022391	14.68
chr11,100938874,100939386	chr11,121595701,121595859	22.84
chr11,100938874,100939386	chr12,8777974,8778182	13.57
chr11,100938874,100939386	chr12,87395719,87396329	17.79
chr11,100938874,100939386	chr12,97218792,97219352	5.54
chr11,100938874,100939386	chr13,33998931,33999643	5.54
chr11,100938874,100939386	chr13,114380416,114380984	50.09
chr11,100938874,100939386	chr14,100035541,100035893	22.13
chr11,100938874,100939386	chr15,53299105,53301750	13.57
chr11,100938874,100939386	chr15,75950973,75951277	5.54
chr11,100938874,100939386	chr15,79694262,79694649	22.13
chr11,100938874,100939386	chr15,89167210,89168240	40.46
chr11,100938874,100939386	chr15,98664082,98664623	9.48
chr11,100938874,100939386	chr16,19741576,19741855	31.12
chr11,100938874,100939386	chr16,50891067,50891500	40.46
chr11,100938874,100939386	chr17,46112533,46112747	107.03
chr11,100938874,100939386	chr18,24504689,24505291	35.75
chr11,100938874,100939386	chr19,56452991,56454540	5.54
chr11,100938874,100939386	chr2,57873808,57874137	17.79
chr11,100938874,100939386	chr2,170976568,170977246	17.79
chr11,100938874,100939386	chr3,17736634,17737187	40.46
chr11,100938874,100939386	chr3,62201837,62202119	107.03
chr11,100938874,100939386	chr3,87690940,87691211	22.13
chr11,100938874,100939386	chr3,95199352,95200637	90.94
chr11,100938874,100939386	chr3,102567954,102568594	9.48
chr11,100938874,100939386	chr4,34869153,34869849	35.75
chr11,100938874,100939386	chr4,56089724,56090042	5.54
chr11,100938874,100939386	chr4,103284098,103284521	209.65
chr11,100938874,100939386	chr4,123812349,123812501	9.48
chr11,100938874,100939386	chr4,133167181,133167807	5.54
chr11,100938874,100939386	chr5,64972783,64973111	9.48
chr11,100938874,100939386	chr5,103310993,103313632	22.13
chr11,100938874,100939386	chr5,137355098,137355534	13.57
chr11,100938874,100939386	chr6,58498316,58498547	270.08
chr11,100938874,100939386	chr6,124916260,124916541	13.57
chr11,100938874,100939386	chr7,16534154,16534849	17.79
chr11,100938874,100939386	chr7,113972020,113972455	5.54
chr11,100938874,100939386	chr8,34043795,34044171	22.13
chr11,100938874,100939386	chr8,80515409,80515542	270.08
chr11,100938874,100939386	chr8,119839262,119839897	26.58
chr11,100938874,100939386	chr9,56654625,56654798	112.47
chr11,100938874,100939386	chr9,57972005,57973184	75.24
chr11,100938874,100939386	chr9,59390909,59391374	13.57
chr11,100938874,100939386	chr9,97189032,97189257	22.13
chr12,86419274,86422913	chr1,89294265,89294662	75.24
chr12,86419274,86422913	chr1,100499538,100499934	13.57
chr12,86419274,86422913	chr1,121854168,121854546	227.57
chr12,86419274,86422913	chr1,133412673,133413080	59.98
chr12,86419274,86422913	chr1,186768508,186768735	9.48
chr12,86419274,86422913	chr10,66902922,66904431	85.66
chr12,86419274,86422913	chr11,59136621,59137196	65.02
chr12,86419274,86422913	chr11,63544834,63545435	5.54
chr12,86419274,86422913	chr11,70644764,70645086	65.02
chr12,86419274,86422913	chr11,108752598,108753679	35.75
chr12,86419274,86422913	chr12,4158994,4159297	45.28
chr12,86419274,86422913	chr12,5325147,5325375	157.2
chr12,86419274,86422913	chr12,5835981,5836299	9.53
chr12,86419274,86422913	chr12,10213963,10214262	409.02
chr12,86419274,86422913	chr12,14352610,14352795	157.2
chr12,86419274,86422913	chr12,14918600,14919018	17.86
chr12,86419274,86422913	chr12,25758079,25759987	13.67
chr12,86419274,86422913	chr12,26237349,26237498	186.09
chr12,86419274,86422913	chr12,28373946,28374603	17.9
chr12,86419274,86422913	chr12,32050290,32051390	9.61
chr12,86419274,86422913	chr12,44552025,44552488	60.17
chr12,86419274,86422913	chr12,45356458,45358425	123.53
chr12,86419274,86422913	chr12,50386409,50386566	9.81
chr12,86419274,86422913	chr12,54315851,54316346	269.24
chr12,86419274,86422913	chr12,56536473,56536710	13.98
chr12,86419274,86422913	chr12,57355693,57355822	31.59
chr12,86419274,86422913	chr12,62217420,62218550	26.37
chr12,86419274,86422913	chr12,62891716,62893216	623.04
chr12,86419274,86422913	chr12,64713370,64713696	96.25
chr12,86419274,86422913	chr12,65121694,65121910	6.39
chr12,86419274,86422913	chr12,67731579,67732664	60.39
chr12,86419274,86422913	chr12,69136630,69137198	332.75
chr12,86419274,86422913	chr12,69419941,69420454	65.19
chr12,86419274,86422913	chr12,69644904,69645040	6.55
chr12,86419274,86422913	chr12,70547293,70548009	12.17
chr12,86419274,86422913	chr12,70655928,70656790	9.55
chr12,86419274,86422913	chr12,70685898,70686301	9.55
chr12,86419274,86422913	chr12,73549151,73549707	16.74
chr12,86419274,86422913	chr12,74768011,74768475	6.06
chr12,86419274,86422913	chr12,75314815,75315499	360.13
chr12,86419274,86422913	chr12,75766162,75766305	23
chr12,86419274,86422913	chr12,79785030,79785535	8.87
chr12,86419274,86422913	chr12,80526622,80526923	10.93
chr12,86419274,86422913	chr12,80615255,80615454	131.28
chr12,86419274,86422913	chr12,81313395,81313952	13.61
chr12,86419274,86422913	chr12,82666273,82666575	5.52
chr12,86419274,86422913	chr12,83242520,83243222	8.15
chr12,86419274,86422913	chr12,84388031,84389169	7.23
chr12,86419274,86422913	chr12,84691942,84692557	5.26
chr12,86419274,86422913	chr12,84940221,84941025	5.09
chr12,86419274,86422913	chr12,85817346,85817877	5.25
chr12,86419274,86422913	chr12,85919529,85920489	5.19
chr12,86419274,86422913	chr12,86024253,86024785	5.07
chr12,86419274,86422913	chr12,86070287,86070653	5.7
chr12,86419274,86422913	chr12,86342953,86343773	5.16
chr12,86419274,86422913	chr12,86567620,86567828	5.1
chr12,86419274,86422913	chr12,86568569,86568911	5.26
chr12,86419274,86422913	chr12,86623881,86624827	6.33
chr12,86419274,86422913	chr12,86880875,86882959	5.95
chr12,86419274,86422913	chr12,86967851,86968359	6.84
chr12,86419274,86422913	chr12,87018481,87018993	5.05
chr12,86419274,86422913	chr12,91018527,91018707	14.37
chr12,86419274,86422913	chr12,91138851,91140175	8.92
chr12,86419274,86422913	chr12,91430075,91430648	29.86
chr12,86419274,86422913	chr12,94861821,94861980	6.55
chr12,86419274,86422913	chr12,96441052,96441371	15.58
chr12,86419274,86422913	chr12,98243152,98244035	68.21
chr12,86419274,86422913	chr12,98694619,98695602	393.89
chr12,86419274,86422913	chr12,102986000,102986577	24.38
chr12,86419274,86422913	chr12,103132481,103132922	19.77
chr12,86419274,86422913	chr12,104146163,104146532	55.47
chr12,86419274,86422913	chr12,104238380,104238624	22.98
chr12,86419274,86422913	chr12,104277493,104278776	70.25
chr12,86419274,86422913	chr12,104779674,104780198	85.51
chr12,86419274,86422913	chr12,105983558,105983682	65.37
chr12,86419274,86422913	chr12,106671756,106672098	41.15
chr12,86419274,86422913	chr12,107652282,107653054	22.55
chr12,86419274,86422913	chr12,108373145,108374608	91.01
chr12,86419274,86422913	chr12,108468135,108468337	6.36
chr12,86419274,86422913	chr12,112197962,112198845	443.03
chr12,86419274,86422913	chr12,112487522,112488070	70.44
chr12,86419274,86422913	chr12,113179235,113179494	14
chr12,86419274,86422913	chr12,113397252,113397547	17.93
chr12,86419274,86422913	chr12,116896648,116897364	22.15
chr12,86419274,86422913	chr12,117500397,117500982	40.84
chr12,86419274,86422913	chr12,117985729,117986170	36.14
chr12,86419274,86422913	chr12,118598908,118599110	91.14
chr12,86419274,86422913	chr13,31273193,31273402	65.02
chr12,86419274,86422913	chr13,51435028,51435290	70.1
chr12,86419274,86422913	chr13,99691210,99691427	9.48
chr12,86419274,86422913	chr14,47696375,47696749	22.13
chr12,86419274,86422913	chr14,56201973,56202898	107.03
chr12,86419274,86422913	chr16,71363218,71363716	9.48
chr12,86419274,86422913	chr16,89360959,89362989	5.54
chr12,86419274,86422913	chr16,92099480,92099697	5.54
chr12,86419274,86422913	chr16,93862983,93864064	31.12
chr12,86419274,86422913	chr17,83774166,83774918	70.1
chr12,86419274,86422913	chr18,26346885,26347132	45.24
chr12,86419274,86422913	chr18,43048546,43048712	31.12
chr12,86419274,86422913	chr19,6144949,6146041	35.75
chr12,86419274,86422913	chr19,22950017,22950159	40.46
chr12,86419274,86422913	chr19,25910334,25910680	70.1
chr12,86419274,86422913	chr19,34820307,34821727	17.79
chr12,86419274,86422913	chr2,49579214,49579342	85.66
chr12,86419274,86422913	chr2,115629222,115629647	70.1
chr12,86419274,86422913	chr2,166226786,166227477	9.48
chr12,86419274,86422913	chr2,168803752,168804508	5.54
chr12,86419274,86422913	chr3,59938870,59939054	17.79
chr12,86419274,86422913	chr3,129662756,129662870	70.1
chr12,86419274,86422913	chr4,33629865,33630047	13.57
chr12,86419274,86422913	chr4,34024690,34024866	70.1
chr12,86419274,86422913	chr4,75041254,75041687	55.01
chr12,86419274,86422913	chr5,133777806,133778773	59.98
chr12,86419274,86422913	chr6,28961991,28962544	215.6
chr12,86419274,86422913	chr6,57600146,57600407	75.24
chr12,86419274,86422913	chr7,75701780,75702280	13.57
chr12,86419274,86422913	chr7,117709627,117711559	55.01
chr12,86419274,86422913	chr7,119300134,119300400	17.79
chr12,86419274,86422913	chr7,140853863,140854105	75.24
chr12,86419274,86422913	chr7,142059293,142059688	5.54
chr12,86419274,86422913	chr8,68631199,68632025	35.75
chr12,86419274,86422913	chr9,51182204,51182764	245.67
chr12,86419274,86422913	chr9,56583320,56583544	85.66
chr12,86419274,86422913	chr9,67103971,67104219	85.66
chr12,86419274,86422913	chr9,104443116,104443793	35.75
chr12,86419274,86422913	chr9,123314351,123314880	35.75
chr15,7128930,7130283	chr10,53625560,53625935	17.79
chr15,7128930,7130283	chr10,90689001,90689322	13.57
chr15,7128930,7130283	chr11,81921074,81921401	5.54
chr15,7128930,7130283	chr11,89863843,89864712	9.48
chr15,7128930,7130283	chr14,49043971,49044168	101.63
chr15,7128930,7130283	chr14,81905126,81906483	117.94
chr15,7128930,7130283	chr15,3376943,3378092	5.16
chr15,7128930,7130283	chr15,3403881,3404518	5.14
chr15,7128930,7130283	chr15,3635057,3635515	5.97
chr15,7128930,7130283	chr15,3686194,3686352	14.04
chr15,7128930,7130283	chr15,3725340,3725971	13.9
chr15,7128930,7130283	chr15,5329963,5330534	16.83
chr15,7128930,7130283	chr15,5436925,5437528	5.58
chr15,7128930,7130283	chr15,6473274,6473552	10.27
chr15,7128930,7130283	chr15,6879344,6879456	5.46
chr15,7128930,7130283	chr15,6902214,6902655	5.07
chr15,7128930,7130283	chr15,6917473,6917959	6.57
chr15,7128930,7130283	chr15,6966442,6966843	5.12
chr15,7128930,7130283	chr15,7015433,7016495	5.09
chr15,7128930,7130283	chr15,7055719,7056254	5.37
chr15,7128930,7130283	chr15,7069333,7069725	5.35
chr15,7128930,7130283	chr15,7179956,7180382	5.29
chr15,7128930,7130283	chr15,7187980,7188586	5.37
chr15,7128930,7130283	chr15,7192909,7193232	5.14
chr15,7128930,7130283	chr15,7697413,7698058	6.99
chr15,7128930,7130283	chr15,10130905,10131445	6.3
chr15,7128930,7130283	chr15,10136555,10136781	7.11
chr15,7128930,7130283	chr15,11099613,11100001	17.9
chr15,7128930,7130283	chr15,12676987,12677144	23.75
chr15,7128930,7130283	chr15,17132775,17133438	17.94
chr15,7128930,7130283	chr15,18992045,18992725	167.36
chr15,7128930,7130283	chr15,21604090,21605271	107.81
chr15,7128930,7130283	chr15,23167799,23167995	25.35
chr15,7128930,7130283	chr15,24089746,24089916	37.01
chr15,7128930,7130283	chr15,25174674,25176390	107.83
chr15,7128930,7130283	chr15,27284309,27284522	71
chr15,7128930,7130283	chr15,28199313,28199660	6.52
chr15,7128930,7130283	chr15,34727788,34728091	14.17
chr15,7128930,7130283	chr15,38370651,38371026	146.17
chr15,7128930,7130283	chr15,43510492,43511490	5.89
chr15,7128930,7130283	chr15,60007310,60008316	5.69
chr15,7128930,7130283	chr15,60501854,60503123	26.72
chr15,7128930,7130283	chr15,62860112,62860509	9.61
chr15,7128930,7130283	chr15,68316212,68316675	22.23
chr15,7128930,7130283	chr15,70464972,70465583	65.1
chr15,7128930,7130283	chr15,72291196,72291664	31.21
chr15,7128930,7130283	chr15,73625505,73626150	35.83
chr15,7128930,7130283	chr15,77276220,77276495	60.05
chr15,7128930,7130283	chr15,87399209,87399729	123.49
chr15,7128930,7130283	chr15,92492369,92493291	157.22
chr15,7128930,7130283	chr15,103460775,103461026	50.12
chr15,7128930,7130283	chr16,34335500,34336034	22.13
chr15,7128930,7130283	chr17,73202824,73203460	13.57
chr15,7128930,7130283	chr18,9641844,9641946	13.57
chr15,7128930,7130283	chr18,81782499,81783469	9.48
chr15,7128930,7130283	chr19,29510460,29510575	13.57
chr15,7128930,7130283	chr2,37107323,37107556	13.57
chr15,7128930,7130283	chr2,101537786,101538447	80.43
chr15,7128930,7130283	chr3,115094342,115096310	9.48
chr15,7128930,7130283	chr4,45517193,45517388	13.57
chr15,7128930,7130283	chr5,58161357,58162103	239.61
chr15,7128930,7130283	chr6,12200316,12200699	70.1
chr15,7128930,7130283	chr8,22227435,22227771	22.13
chr15,7128930,7130283	chr8,99108311,99109445	31.12
chr15,7128930,7130283	chr8,109488089,109489250	80.43
chr15,7128930,7130283	chr8,114652309,114653151	9.48
chr15,7128930,7130283	chr9,29090770,29091136	31.12
chr15,7128930,7130283	chr9,29283310,29283871	9.48
chr15,7128930,7130283	chr9,60167996,60168105	13.57
chr15,7128930,7130283	chr9,75257608,75258122	75.24
chr16,10479663,10480580	chr1,175177318,175177846	75.24
chr16,10479663,10480580	chr10,106680155,106680540	70.1
chr16,10479663,10480580	chr10,125892636,125893380	13.57
chr16,10479663,10480580	chr11,4762675,4763177	117.94
chr16,10479663,10480580	chr11,76699813,76700132	17.79
chr16,10479663,10480580	chr12,108407693,108407859	70.1
chr16,10479663,10480580	chr13,6869781,6870834	31.12
chr16,10479663,10480580	chr13,48787908,48788150	9.48
chr16,10479663,10480580	chr13,74911932,74912675	9.48
chr16,10479663,10480580	chr13,96984097,96984953	180.25
chr16,10479663,10480580	chr14,18290448,18290723	40.46
chr16,10479663,10480580	chr14,111119524,111119802	50.09
chr16,10479663,10480580	chr15,41548458,41549380	22.13
chr16,10479663,10480580	chr15,79739305,79740330	35.75
chr16,10479663,10480580	chr16,4118969,4119264	18.36
chr16,10479663,10480580	chr16,5201605,5202252	12.3
chr16,10479663,10480580	chr16,7728015,7728873	31.39
chr16,10479663,10480580	chr16,8422293,8422667	6.34
chr16,10479663,10480580	chr16,10283259,10284136	5.39
chr16,10479663,10480580	chr16,10587368,10588328	6.58
chr16,10479663,10480580	chr16,10774933,10775521	8.15
chr16,10479663,10480580	chr16,10822384,10822499	5.04
chr16,10479663,10480580	chr16,11096046,11096796	5.55
chr16,10479663,10480580	chr16,12038677,12038796	6.25
chr16,10479663,10480580	chr16,16875863,16876173	12.95
chr16,10479663,10480580	chr16,17015357,17016564	268.74
chr16,10479663,10480580	chr16,17246938,17247684	9.06
chr16,10479663,10480580	chr16,23488762,23489441	20.72
chr16,10479663,10480580	chr16,29582353,29584695	6.65
chr16,10479663,10480580	chr16,33671217,33671702	60.66
chr16,10479663,10480580	chr16,37033856,37034534	102.06
chr16,10479663,10480580	chr16,38125014,38125270	60.5
chr16,10479663,10480580	chr16,38959916,38960619	18.31
chr16,10479663,10480580	chr16,40331081,40332351	26.11
chr16,10479663,10480580	chr16,58730859,58731636	22.3
chr16,10479663,10480580	chr16,63437309,63437838	35.89
chr16,10479663,10480580	chr16,63504607,63507154	45.37
chr16,10479663,10480580	chr16,65569911,65570578	5.67
chr16,10479663,10480580	chr16,76344287,76344561	17.87
chr16,10479663,10480580	chr16,96706986,96707747	5.58
chr16,10479663,10480580	chr17,24953491,24953772	26.58
chr16,10479663,10480580	chr18,21107005,21107995	31.12
chr16,10479663,10480580	chr18,38202688,38203265	22.13
chr16,10479663,10480580	chr18,38661826,38662617	13.57
chr16,10479663,10480580	chr2,3247503,3247996	35.75
chr16,10479663,10480580	chr2,90744806,90745487	55.01
chr16,10479663,10480580	chr2,104869712,104870053	22.13
chr16,10479663,10480580	chr2,180611049,180611409	55.01
chr16,10479663,10480580	chr4,108359456,108360517	5.54
chr16,10479663,10480580	chr4,122938668,122938888	35.75
chr16,10479663,10480580	chr5,34973544,34974565	75.24
chr16,10479663,10480580	chr5,43813987,43814743	26.58
chr16,10479663,10480580	chr5,53353025,53353238	22.13
chr16,10479663,10480580	chr5,105529115,105529654	26.58
chr16,10479663,10480580	chr5,129690353,129691368	9.48
chr16,10479663,10480580	chr6,7077032,7077267	80.43
chr16,10479663,10480580	chr6,17589238,17590886	59.98
chr16,10479663,10480580	chr9,10074161,10074910	31.12
chr16,10479663,10480580	chrX,112689084,112690469	13.57
chr16,10486858,10489086	chr1,6881326,6881769	13.57
chr16,10486858,10489086	chr1,9515621,9515809	50.09
chr16,10486858,10489086	chr1,60659736,60659856	22.13
chr16,10486858,10489086	chr1,74081876,74082384	9.48
chr16,10486858,10489086	chr1,126556590,126556705	26.58
chr16,10486858,10489086	chr1,135690745,135691174	45.24
chr16,10486858,10489086	chr1,155865549,155866119	345.01
chr16,10486858,10489086	chr1,157069712,157069902	65.02
chr16,10486858,10489086	chr11,3194057,3194589	17.79
chr16,10486858,10489086	chr11,61913762,61915574	35.75
chr16,10486858,10489086	chr11,79688329,79688896	9.48
chr16,10486858,10489086	chr12,107824223,107824608	17.79
chr16,10486858,10489086	chr13,79075322,79075679	22.13
chr16,10486858,10489086	chr13,92115432,92115809	357.72
chr16,10486858,10489086	chr14,32189503,32189861	55.01
chr16,10486858,10489086	chr14,70087799,70088374	80.43
chr16,10486858,10489086	chr15,15308337,15309103	35.75
chr16,10486858,10489086	chr15,51818004,51818497	9.48
chr16,10486858,10489086	chr15,81775825,81776176	140.18
chr16,10486858,10489086	chr16,4108305,4108793	12.55
chr16,10486858,10489086	chr16,6206959,6207291	7.35
chr16,10486858,10489086	chr16,7859092,7859263	15.85
chr16,10486858,10489086	chr16,8167525,8167904	26.01
chr16,10486858,10489086	chr16,8468858,8469293	6.6
chr16,10486858,10489086	chr16,9243263,9244480	5.41
chr16,10486858,10489086	chr16,9441901,9442657	7.44
chr16,10486858,10489086	chr16,9556572,9556724	7.35
chr16,10486858,10489086	chr16,9934235,9934640	7.15
chr16,10486858,10489086	chr16,10276815,10277178	5.96
chr16,10486858,10489086	chr16,10277251,10277432	5.53
chr16,10486858,10489086	chr16,10290924,10291212	5.09
chr16,10486858,10489086	chr16,10387874,10387990	6.5
chr16,10486858,10489086	chr16,10438147,10438604	5.13
chr16,10486858,10489086	chr16,10708216,10708409	5.78
chr16,10486858,10489086	chr16,11066738,11067230	6.33
chr16,10486858,10489086	chr16,13634576,13634769	6.6
chr16,10486858,10489086	chr16,16946307,16946981	15.76
chr16,10486858,10489086	chr16,17248803,17248955	6.6
chr16,10486858,10489086	chr16,18373193,18373343	13.9
chr16,10486858,10489086	chr16,18889306,18889870	17.34
chr16,10486858,10489086	chr16,20685198,20686020	17.16
chr16,10486858,10489086	chr16,22891638,22891884	204.83
chr16,10486858,10489086	chr16,24170277,24170514	93.81
chr16,10486858,10489086	chr16,27042804,27043143	27.02
chr16,10486858,10489086	chr16,29118667,29119348	420.03
chr16,10486858,10489086	chr16,30621912,30622324	367.67
chr16,10486858,10489086	chr16,33301085,33302863	13.79
chr16,10486858,10489086	chr16,35242902,35243413	13.92
chr16,10486858,10489086	chr16,45733051,45733246	70.33
chr16,10486858,10489086	chr16,50530775,50531461	60.18
chr16,10486858,10489086	chr16,52044247,52044679	50.29
chr16,10486858,10489086	chr16,52386999,52387747	55.2
chr16,10486858,10489086	chr16,57738485,57739086	35.91
chr16,10486858,10489086	chr16,59537108,59537552	533.59
chr16,10486858,10489086	chr16,78034754,78034861	527.45
chr16,10486858,10489086	chr16,90050374,90051347	5.59
chr16,10486858,10489086	chr16,94167297,94168029	357.66
chr16,10486858,10489086	chr16,97823348,97826260	60.01
chr16,10486858,10489086	chr16,97923769,97924196	35.79
chr16,10486858,10489086	chr17,7592138,7592754	45.24
chr16,10486858,10489086	chr17,76037103,76037274	9.48
chr16,10486858,10489086	chr17,89350237,89350798	22.13
chr16,10486858,10489086	chr18,7657574,7658609	9.48
chr16,10486858,10489086	chr18,10310343,10310693	13.57
chr16,10486858,10489086	chr18,53380341,53380512	50.09
chr16,10486858,10489086	chr19,34595766,34596203	70.1
chr16,10486858,10489086	chr19,41932516,41932914	17.79
chr16,10486858,10489086	chr3,51844745,51846752	9.48
chr16,10486858,10489086	chr3,111865706,111866536	5.54
chr16,10486858,10489086	chr4,14928659,14928864	45.24
chr16,10486858,10489086	chr4,136326243,136326872	31.12
chr16,10486858,10489086	chr4,150304871,150305036	351.35
chr16,10486858,10489086	chr5,29017233,29017935	22.13
chr16,10486858,10489086	chr5,31766854,31769232	22.13
chr16,10486858,10489086	chr5,32594369,32595587	157.19
chr16,10486858,10489086	chr5,118802381,118802882	9.48
chr16,10486858,10489086	chr5,122135818,122136533	40.46
chr16,10486858,10489086	chr5,146829470,146829876	26.58
chr16,10486858,10489086	chr6,17519263,17519608	128.99
chr16,10486858,10489086	chr6,111718374,111718752	5.54
chr16,10486858,10489086	chr6,112384742,112384911	35.75
chr16,10486858,10489086	chr6,120158334,120158442	80.43
chr16,10486858,10489086	chr7,5935773,5936195	9.48
chr16,10486858,10489086	chr7,49445630,49446342	9.48
chr16,10486858,10489086	chr7,65765736,65765995	13.57
chr16,10486858,10489086	chr8,35953119,35953275	5.54
chr16,10486858,10489086	chr8,61197074,61197471	5.54
chr16,10486858,10489086	chr8,84076006,84076253	338.67
chr16,10486858,10489086	chr9,15097085,15097310	35.75
chr16,10486858,10489086	chr9,22392388,22393243	13.57
chr16,10486858,10489086	chr9,44492939,44493309	45.24
chr16,10486858,10489086	chr9,46349410,46351172	40.46
chr16,10486858,10489086	chr9,96161928,96162544	13.57
chr16,10486858,10489086	chrX,157645484,157646037	13.57
chr16,10489551,10489878	chr1,5023532,5024130	270.08
chr16,10489551,10489878	chr1,13134287,13135176	22.13
chr16,10489551,10489878	chr1,36474736,36475069	65.02
chr16,10489551,10489878	chr1,159594318,159594585	26.58
chr16,10489551,10489878	chr10,8778440,8779206	55.01
chr16,10489551,10489878	chr10,38721627,38721834	65.02
chr16,10489551,10489878	chr10,72456022,72456327	59.98
chr16,10489551,10489878	chr11,55397678,55398563	22.13
chr16,10489551,10489878	chr11,72525165,72526321	55.01
chr16,10489551,10489878	chr12,3705302,3706143	45.24
chr16,10489551,10489878	chr12,118130781,118131188	5.54
chr16,10489551,10489878	chr13,91093811,91093983	80.43
chr16,10489551,10489878	chr13,96433883,96434009	9.48
chr16,10489551,10489878	chr14,60197488,60197853	50.09
chr16,10489551,10489878	chr15,6484822,6485152	55.01
chr16,10489551,10489878	chr15,9529364,9529601	70.1
chr16,10489551,10489878	chr15,40722827,40723321	9.48
chr16,10489551,10489878	chr15,57888684,57890053	85.66
chr16,10489551,10489878	chr16,3850798,3851459	432.87
chr16,10489551,10489878	chr16,3963007,3964322	10.78
chr16,10489551,10489878	chr16,4821327,4821537	12.97
chr16,10489551,10489878	chr16,8199710,8200589	31.85
chr16,10489551,10489878	chr16,8522630,8523022	10.49
chr16,10489551,10489878	chr16,8534857,8535710	11.78
chr16,10489551,10489878	chr16,8613335,8614802	10.94
chr16,10489551,10489878	chr16,8672163,8672830	5.03
chr16,10489551,10489878	chr16,8790918,8791135	22.45
chr16,10489551,10489878	chr16,8907550,8907729	5.19
chr16,10489551,10489878	chr16,9543109,9544745	8.93
chr16,10489551,10489878	chr16,9762223,9762877	6.12
chr16,10489551,10489878	chr16,10240606,10241086	5.26
chr16,10489551,10489878	chr16,10271453,10271595	6.2
chr16,10489551,10489878	chr16,10303816,10304658	5.39
chr16,10489551,10489878	chr16,10368481,10369220	5.31
chr16,10489551,10489878	chr16,10396611,10397005	8.21
chr16,10489551,10489878	chr16,10417352,10417704	5.03
chr16,10489551,10489878	chr16,10420017,10420614	6.03
chr16,10489551,10489878	chr16,10446932,10447355	7.67
chr16,10489551,10489878	chr16,10461408,10461613	5.63
chr16,10489551,10489878	chr16,10511290,10512621	5.96
chr16,10489551,10489878	chr16,10523841,10524073	6.13
chr16,10489551,10489878	chr16,10531858,10532213	6.09
chr16,10489551,10489878	chr16,10536791,10537036	6.99
chr16,10489551,10489878	chr16,10792957,10793332	5.88
chr16,10489551,10489878	chr16,10828677,10830145	5.94
chr16,10489551,10489878	chr16,10944565,10944698	6.1
chr16,10489551,10489878	chr16,11244405,11245254	5.14
chr16,10489551,10489878	chr16,11248096,11248197	7.64
chr16,10489551,10489878	chr16,11563189,11564979	5.27
chr16,10489551,10489878	chr16,11647385,11648564	7.32
chr16,10489551,10489878	chr16,11808097,11808834	8.36
chr16,10489551,10489878	chr16,12037243,12037901	10.34
chr16,10489551,10489878	chr16,12393353,12395319	14.07
chr16,10489551,10489878	chr16,13366917,13367076	7.95
chr16,10489551,10489878	chr16,14200142,14201335	8.53
chr16,10489551,10489878	chr16,14319895,14321494	12.92
chr16,10489551,10489878	chr16,16634639,16635871	12.06
chr16,10489551,10489878	chr16,18196470,18196858	89.44
chr16,10489551,10489878	chr16,18673087,18674047	60.81
chr16,10489551,10489878	chr16,18974647,18975838	18.87
chr16,10489551,10489878	chr16,21928565,21929067	27.82
chr16,10489551,10489878	chr16,22398371,22398767	118.3
chr16,10489551,10489878	chr16,26794840,26795175	37.08
chr16,10489551,10489878	chr16,29713239,29713655	263.8
chr16,10489551,10489878	chr16,29778748,29779851	157.75
chr16,10489551,10489878	chr16,29943598,29944052	22.94
chr16,10489551,10489878	chr16,33995522,33996059	18.57
chr16,10489551,10489878	chr16,37408347,37409289	107.55
chr16,10489551,10489878	chr16,37677047,37677335	45.84
chr16,10489551,10489878	chr16,38644563,38645164	91.45
chr16,10489551,10489878	chr16,41445260,41445514	36.22
chr16,10489551,10489878	chr16,42912221,42912783	9.92
chr16,10489551,10489878	chr16,43315215,43316347	36.17
chr16,10489551,10489878	chr16,43654757,43655383	101.99
chr16,10489551,10489878	chr16,44523345,44523875	96.61
chr16,10489551,10489878	chr16,57304833,57305228	55.19
chr16,10489551,10489878	chr16,60616685,60617350	70.26
chr16,10489551,10489878	chr16,90370744,90371705	96.31
chr16,10489551,10489878	chr16,92105249,92105731	9.53
chr16,10489551,10489878	chr16,95799932,95800449	13.61
chr16,10489551,10489878	chr17,32391147,32392067	5.54
chr16,10489551,10489878	chr18,7920582,7920701	26.58
chr16,10489551,10489878	chr18,36265162,36265566	96.26
chr16,10489551,10489878	chr18,39088873,39089802	31.12
chr16,10489551,10489878	chr19,5486514,5486805	9.48
chr16,10489551,10489878	chr19,36445568,36449780	17.79
chr16,10489551,10489878	chr2,11450067,11450524	221.57
chr16,10489551,10489878	chr2,126519755,126520551	13.57
chr16,10489551,10489878	chr2,156286940,156287423	5.54
chr16,10489551,10489878	chr4,46148287,46148704	13.57
chr16,10489551,10489878	chr4,50138503,50138909	65.02
chr16,10489551,10489878	chr4,110982051,110982231	31.12
chr16,10489551,10489878	chr4,150207750,150208994	17.79
chr16,10489551,10489878	chr5,28662276,28662564	55.01
chr16,10489551,10489878	chr5,76153968,76154352	40.46
chr16,10489551,10489878	chr5,81724097,81724444	507.71
chr16,10489551,10489878	chr5,91203825,91204717	9.48
chr16,10489551,10489878	chr6,6474226,6475044	101.63
chr16,10489551,10489878	chr6,25766565,25767470	117.94
chr16,10489551,10489878	chr6,34320141,34320371	134.57
chr16,10489551,10489878	chr6,48751875,48752055	40.46
chr16,10489551,10489878	chr7,19463948,19464085	13.57
chr16,10489551,10489878	chr7,28050681,28051232	221.57
chr16,10489551,10489878	chr7,82311962,82312369	35.75
chr16,10489551,10489878	chr7,138407688,138407963	31.12
chr16,10489551,10489878	chr8,57432428,57432857	9.48
chr16,10489551,10489878	chr9,30401920,30402440	174.45
chr16,10489551,10489878	chr9,33470320,33470566	22.13
chr16,10489551,10489878	chr9,35533810,35534256	50.09
chr16,10489551,10489878	chr9,47283108,47283782	203.73
chr16,10489551,10489878	chr9,79238635,79238843	65.02
chr16,10489551,10489878	chr9,111790864,111791064	128.99
chr16,10489551,10489878	chrX,50765194,50765750	31.12
chr2,168766420,168767218	chr1,89799350,89799586	22.13
chr2,168766420,168767218	chr1,159411157,159412566	134.57
chr2,168766420,168767218	chr1,173861276,173861674	31.12
chr2,168766420,168767218	chr10,108428076,108428416	5.54
chr2,168766420,168767218	chr10,117135462,117137576	17.79
chr2,168766420,168767218	chr11,12916549,12917588	282.4
chr2,168766420,168767218	chr11,108665777,108666100	5.54
chr2,168766420,168767218	chr13,43920875,43921055	31.12
chr2,168766420,168767218	chr13,46117670,46118058	5.54
chr2,168766420,168767218	chr13,49567265,49568041	9.48
chr2,168766420,168767218	chr13,104296319,104297292	22.13
chr2,168766420,168767218	chr15,10567313,10567721	17.79
chr2,168766420,168767218	chr18,56482500,56482619	5.54
chr2,168766420,168767218	chr2,33027890,33028306	9.49
chr2,168766420,168767218	chr2,52437270,52437519	17.81
chr2,168766420,168767218	chr2,68277714,68278175	26.61
chr2,168766420,168767218	chr2,80030250,80030667	26.62
chr2,168766420,168767218	chr2,89511520,89512615	9.53
chr2,168766420,168767218	chr2,92992713,92993160	186.13
chr2,168766420,168767218	chr2,109963950,109964346	5.65
chr2,168766420,168767218	chr2,112670625,112671350	17.92
chr2,168766420,168767218	chr2,117392480,117392764	25.74
chr2,168766420,168767218	chr2,117772098,117773411	22.28
chr2,168766420,168767218	chr2,124811342,124811671	5.77
chr2,168766420,168767218	chr2,126655958,126656846	5.79
chr2,168766420,168767218	chr2,127428293,127428399	50.34
chr2,168766420,168767218	chr2,127846289,127847080	9.74
chr2,168766420,168767218	chr2,128205483,128206053	5.81
chr2,168766420,168767218	chr2,130985965,130986170	5.86
chr2,168766420,168767218	chr2,131856640,131857169	13.9
chr2,168766420,168767218	chr2,136661882,136662073	9.93
chr2,168766420,168767218	chr2,141613600,141614672	14.2
chr2,168766420,168767218	chr2,145312138,145312841	26.42
chr2,168766420,168767218	chr2,150132408,150132650	32.28
chr2,168766420,168767218	chr2,150135529,150136135	6.74
chr2,168766420,168767218	chr2,150362965,150363550	23.19
chr2,168766420,168767218	chr2,150988219,150988640	32.36
chr2,168766420,168767218	chr2,152189067,152190634	113.52
chr2,168766420,168767218	chr2,153406864,153408946	15.02
chr2,168766420,168767218	chr2,153908514,153908890	7.16
chr2,168766420,168767218	chr2,154001321,154002045	26.75
chr2,168766420,168767218	chr2,155788498,155788663	22.21
chr2,168766420,168767218	chr2,157595162,157596125	37.76
chr2,168766420,168767218	chr2,158009616,158009856	173.94
chr2,168766420,168767218	chr2,158907334,158908454	195.81
chr2,168766420,168767218	chr2,159316158,159316827	19.46
chr2,168766420,168767218	chr2,160704350,160704583	7.99
chr2,168766420,168767218	chr2,161673399,161673966	14.63
chr2,168766420,168767218	chr2,163103942,163105564	29.26
chr2,168766420,168767218	chr2,164030692,164031217	9.95
chr2,168766420,168767218	chr2,165055694,165055851	9.73
chr2,168766420,168767218	chr2,166887451,166887661	22.51
chr2,168766420,168767218	chr2,168309287,168309446	5.76
chr2,168766420,168767218	chr2,168337555,168338285	5.3
chr2,168766420,168767218	chr2,168374060,168374372	5.29
chr2,168766420,168767218	chr2,168464208,168465056	5.24
chr2,168766420,168767218	chr2,168653599,168653783	5.15
chr2,168766420,168767218	chr2,168655822,168656265	5.85
chr2,168766420,168767218	chr2,169078151,169079676	5.74
chr2,168766420,168767218	chr2,169532480,169532827	6.17
chr2,168766420,168767218	chr2,169564875,169565048	7.94
chr2,168766420,168767218	chr2,169642505,169643032	5.12
chr2,168766420,168767218	chr2,170138168,170138683	5.51
chr2,168766420,168767218	chr2,170929378,170930056	6.85
chr2,168766420,168767218	chr2,171341213,171341548	9.23
chr2,168766420,168767218	chr2,172289661,172290371	25.49
chr2,168766420,168767218	chr2,172897288,172898255	21.9
chr2,168766420,168767218	chr2,173530171,173531647	6.85
chr2,168766420,168767218	chr2,174555291,174555638	73.57
chr2,168766420,168767218	chr2,174864713,174865287	7.58
chr2,168766420,168767218	chr2,178093409,178094113	14.22
chr2,168766420,168767218	chr2,179787845,179788381	14.91
chr2,168766420,168767218	chr2,179822134,179822855	243.51
chr2,168766420,168767218	chr2,180756337,180756565	197.48
chr2,168766420,168767218	chr2,181447289,181447888	15.13
chr2,168766420,168767218	chr3,83855191,83855335	5.54
chr2,168766420,168767218	chr4,123156764,123157388	5.54
chr2,168766420,168767218	chr4,134498630,134499977	26.58
chr2,168766420,168767218	chr4,149074505,149075057	107.03
chr2,168766420,168767218	chr5,133786676,133787349	26.58
chr2,168766420,168767218	chr5,136239630,136240104	9.48
chr2,168766420,168767218	chr5,146134850,146136240	197.82
chr2,168766420,168767218	chr6,17512734,17514076	5.54
chr2,168766420,168767218	chr6,102642051,102642754	151.49
chr2,168766420,168767218	chr6,136251548,136253005	13.57
chr2,168766420,168767218	chr6,143292605,143292909	17.79
chr2,168766420,168767218	chr7,118874079,118874278	9.48
chr2,168766420,168767218	chr7,131281187,131281524	22.13
chr2,168766420,168767218	chr8,24651465,24651913	22.13
chr2,168766420,168767218	chrX,22282603,22282859	5.54
chr3,34648729,34650279	chr1,190451410,190451521	13.57
chr3,34648729,34650279	chr11,3194057,3194589	5.54
chr3,34648729,34650279	chr11,24764830,24765997	22.13
chr3,34648729,34650279	chr11,112280379,112280723	45.24
chr3,34648729,34650279	chr11,116579428,116579654	35.75
chr3,34648729,34650279	chr12,104851341,104851792	101.63
chr3,34648729,34650279	chr14,46566941,46568072	17.79
chr3,34648729,34650279	chr15,25425603,25426264	35.75
chr3,34648729,34650279	chr15,40786479,40786642	162.91
chr3,34648729,34650279	chr15,78812941,78813043	140.18
chr3,34648729,34650279	chr15,91577034,91577188	13.57
chr3,34648729,34650279	chr16,29586302,29586551	17.79
chr3,34648729,34650279	chr16,50103808,50104151	5.54
chr3,34648729,34650279	chr16,87796576,87796970	13.57
chr3,34648729,34650279	chr17,73154162,73154599	22.13
chr3,34648729,34650279	chr18,23168017,23168299	13.57
chr3,34648729,34650279	chr19,58926349,58926734	59.98
chr3,34648729,34650279	chr2,41013991,41014290	17.79
chr3,34648729,34650279	chr3,5852694,5853143	26.15
chr3,34648729,34650279	chr3,13916435,13917234	6.53
chr3,34648729,34650279	chr3,17150315,17151674	21.63
chr3,34648729,34650279	chr3,20628795,20630595	25.03
chr3,34648729,34650279	chr3,26164866,26165101	64.41
chr3,34648729,34650279	chr3,26581785,26581909	24.97
chr3,34648729,34650279	chr3,26652400,26652705	186.21
chr3,34648729,34650279	chr3,27701623,27703470	6.36
chr3,34648729,34650279	chr3,29790791,29793045	6.46
chr3,34648729,34650279	chr3,30518265,30519323	9.76
chr3,34648729,34650279	chr3,31387087,31387338	28.1
chr3,34648729,34650279	chr3,31413891,31414648	6.57
chr3,34648729,34650279	chr3,31721488,31721692	6.14
chr3,34648729,34650279	chr3,31816863,31816990	6.65
chr3,34648729,34650279	chr3,32532949,32533957	24.76
chr3,34648729,34650279	chr3,32583559,32583901	8.4
chr3,34648729,34650279	chr3,33409346,33409668	5.28
chr3,34648729,34650279	chr3,33867777,33868021	5.03
chr3,34648729,34650279	chr3,34002467,34002833	10.03
chr3,34648729,34650279	chr3,34421409,34421736	5.39
chr3,34648729,34650279	chr3,34484227,34484741	7.17
chr3,34648729,34650279	chr3,34619450,34619867	5.42
chr3,34648729,34650279	chr3,34775862,34776837	6.41
chr3,34648729,34650279	chr3,34955916,34956693	5.04
chr3,34648729,34650279	chr3,35720433,35720633	5.69
chr3,34648729,34650279	chr3,36432892,36433094	5.11
chr3,34648729,34650279	chr3,38564157,38564626	11.15
chr3,34648729,34650279	chr3,38674447,38674666	7.68
chr3,34648729,34650279	chr3,39502082,39503442	8.81
chr3,34648729,34650279	chr3,40421997,40422459	9.99
chr3,34648729,34650279	chr3,40855432,40856159	11.97
chr3,34648729,34650279	chr3,41603793,41603979	16.14
chr3,34648729,34650279	chr3,47611423,47611617	10.66
chr3,34648729,34650279	chr3,53659441,53659704	25.66
chr3,34648729,34650279	chr3,54735112,54735901	14.49
chr3,34648729,34650279	chr3,56118505,56119473	6.48
chr3,34648729,34650279	chr3,58480580,58481269	10.25
chr3,34648729,34650279	chr3,59278309,59279232	41.15
chr3,34648729,34650279	chr3,61292681,61293589	26.25
chr3,34648729,34650279	chr3,70307686,70308380	18.14
chr3,34648729,34650279	chr3,78271297,78271420	40.67
chr3,34648729,34650279	chr3,80384594,80385970	13.77
chr3,34648729,34650279	chr3,87495814,87496633	5.69
chr3,34648729,34650279	chr3,89658306,89658466	9.61
chr3,34648729,34650279	chr3,91207596,91207837	31.24
chr3,34648729,34650279	chr3,99136385,99136711	31.21
chr3,34648729,34650279	chr3,100840127,100840336	55.08
chr3,34648729,34650279	chr3,101015898,101017029	5.62
chr3,34648729,34650279	chr3,109420882,109421020	45.3
chr3,34648729,34650279	chr3,118020031,118020246	35.79
chr3,34648729,34650279	chr3,136320850,136320999	50.12
chr3,34648729,34650279	chr3,139866564,139867320	129.01
chr3,34648729,34650279	chr3,157608576,157609056	22.15
chr3,34648729,34650279	chr4,123579390,123579604	35.75
chr3,34648729,34650279	chr5,36766049,36766256	26.58
chr3,34648729,34650279	chr5,40119346,40119457	5.54
chr3,34648729,34650279	chr6,42212355,42213896	5.54
chr3,34648729,34650279	chr6,130950561,130950791	26.58
chr3,34648729,34650279	chr8,60879575,60879685	17.79
chr3,34648729,34650279	chr8,67765388,67766171	26.58
chr3,34648729,34650279	chr9,115857529,115858078	22.13
chr4,55531324,55531996	chr1,9887852,9888696	13.57
chr4,55531324,55531996	chr1,29914231,29915129	5.54
chr4,55531324,55531996	chr1,64258115,64258772	5.54
chr4,55531324,55531996	chr10,84843893,84844462	22.13
chr4,55531324,55531996	chr12,21347648,21348047	5.54
chr4,55531324,55531996	chr13,53301105,53301854	55.01
chr4,55531324,55531996	chr13,110037798,110038445	22.13
chr4,55531324,55531996	chr14,21741867,21742364	26.58
chr4,55531324,55531996	chr14,63917702,63918243	9.48
chr4,55531324,55531996	chr14,105700543,105700780	5.54
chr4,55531324,55531996	chr16,33180007,33180151	9.48
chr4,55531324,55531996	chr17,66649229,66649638	13.57
chr4,55531324,55531996	chr18,25934925,25935804	50.09
chr4,55531324,55531996	chr2,160700028,160701481	45.24
chr4,55531324,55531996	chr3,24430904,24431689	22.13
chr4,55531324,55531996	chr4,6866639,6867650	5.72
chr4,55531324,55531996	chr4,8754281,8754790	5.74
chr4,55531324,55531996	chr4,9416619,9416811	163.05
chr4,55531324,55531996	chr4,21695054,21695905	96.59
chr4,55531324,55531996	chr4,22360673,22360818	60.36
chr4,55531324,55531996	chr4,26286025,26286155	40.97
chr4,55531324,55531996	chr4,33217329,33217756	18.53
chr4,55531324,55531996	chr4,35335998,35336177	86.39
chr4,55531324,55531996	chr4,35985382,35985576	6.63
chr4,55531324,55531996	chr4,39410341,39410670	37.02
chr4,55531324,55531996	chr4,40715357,40716786	96.85
chr4,55531324,55531996	chr4,41270673,41271150	27.04
chr4,55531324,55531996	chr4,41639869,41640552	10.76
chr4,55531324,55531996	chr4,44102851,44103148	22.47
chr4,55531324,55531996	chr4,45605265,45605414	12.16
chr4,55531324,55531996	chr4,45841959,45842849	18.28
chr4,55531324,55531996	chr4,48038336,48038452	6.63
chr4,55531324,55531996	chr4,55224574,55225128	5.14
chr4,55531324,55531996	chr4,55472835,55473223	5.27
chr4,55531324,55531996	chr4,55809921,55810860	5.56
chr4,55531324,55531996	chr4,55814990,55815628	5.03
chr4,55531324,55531996	chr4,56162837,56163107	5.3
chr4,55531324,55531996	chr4,56326739,56327558	5.88
chr4,55531324,55531996	chr4,56499024,56499543	5.44
chr4,55531324,55531996	chr4,56980321,56980593	15.68
chr4,55531324,55531996	chr4,57345401,57345665	5.18
chr4,55531324,55531996	chr4,74353365,74353505	14.53
chr4,55531324,55531996	chr4,81635887,81636588	14.22
chr4,55531324,55531996	chr4,82393111,82393714	22.66
chr4,55531324,55531996	chr4,83263782,83265176	10.07
chr4,55531324,55531996	chr4,88232219,88232503	5.97
chr4,55531324,55531996	chr4,94266612,94267308	174.62
chr4,55531324,55531996	chr4,115011622,115012043	5.65
chr4,55531324,55531996	chr4,119339240,119339396	5.63
chr4,55531324,55531996	chr4,126982330,126982490	5.61
chr4,55531324,55531996	chr4,138912751,138913700	13.61
chr4,55531324,55531996	chr4,141792457,141792639	9.52
chr4,55531324,55531996	chr4,143245540,143246585	123.48
chr4,55531324,55531996	chr4,149222351,149222645	5.58
chr4,55531324,55531996	chr5,25890634,25891517	5.54
chr4,55531324,55531996	chr7,134596783,134598058	9.48
chr4,55531324,55531996	chr8,42124618,42125888	9.48
chr4,55531324,55531996	chr9,85342622,85343256	17.79
chr4,55531324,55531996	chr9,100503683,100504531	96.26
chr4,55531324,55531996	chrX,106030138,106030505	17.79
chr6,122339268,122340303	chr1,63872172,63872880	197.82
chr6,122339268,122340303	chr1,64302776,64304221	65.02
chr6,122339268,122340303	chr10,52248108,52248559	5.54
chr6,122339268,122340303	chr10,76883153,76884034	9.48
chr6,122339268,122340303	chr10,94012566,94012827	22.13
chr6,122339268,122340303	chr10,102385677,102386636	9.48
chr6,122339268,122340303	chr10,119150970,119151557	35.75
chr6,122339268,122340303	chr10,120244780,120245162	13.57
chr6,122339268,122340303	chr11,106433449,106433572	13.57
chr6,122339268,122340303	chr12,90915274,90915520	17.79
chr6,122339268,122340303	chr12,104008362,104008604	5.54
chr6,122339268,122340303	chr13,96292866,96292995	31.12
chr6,122339268,122340303	chr15,57089691,57089807	35.75
chr6,122339268,122340303	chr15,61528673,61529232	9.48
chr6,122339268,122340303	chr16,14350402,14351049	5.54
chr6,122339268,122340303	chr16,90526028,90526402	22.13
chr6,122339268,122340303	chr17,17539704,17540110	9.48
chr6,122339268,122340303	chr17,87086760,87086983	26.58
chr6,122339268,122340303	chr17,92351887,92352141	123.45
chr6,122339268,122340303	chr19,50318081,50318425	45.24
chr6,122339268,122340303	chr2,19105377,19105907	128.99
chr6,122339268,122340303	chr2,103139272,103139802	5.54
chr6,122339268,122340303	chr2,118851050,118851678	9.48
chr6,122339268,122340303	chr2,125036393,125036981	9.48
chr6,122339268,122340303	chr2,156716913,156718210	22.13
chr6,122339268,122340303	chr2,168264854,168264995	5.54
chr6,122339268,122340303	chr3,38234129,38234538	31.12
chr6,122339268,122340303	chr3,94473886,94474040	128.99
chr6,122339268,122340303	chr3,131196422,131196667	5.54
chr6,122339268,122340303	chr3,153603177,153603686	22.13
chr6,122339268,122340303	chr4,24842113,24842351	55.01
chr6,122339268,122340303	chr4,40872156,40872984	5.54
chr6,122339268,122340303	chr4,86812688,86812814	13.57
chr6,122339268,122340303	chr6,3477099,3477435	9.5
chr6,122339268,122340303	chr6,4972782,4973934	123.47
chr6,122339268,122340303	chr6,17303606,17303871	282.42
chr6,122339268,122340303	chr6,24923974,24924788	9.51
chr6,122339268,122340303	chr6,40247671,40248306	26.63
chr6,122339268,122340303	chr6,41180506,41181809	22.18
chr6,122339268,122340303	chr6,56876952,56877608	5.63
chr6,122339268,122340303	chr6,57095715,57097196	25.67
chr6,122339268,122340303	chr6,61247372,61247862	22.21
chr6,122339268,122340303	chr6,65470177,65470590	140.29
chr6,122339268,122340303	chr6,65970410,65970835	85.78
chr6,122339268,122340303	chr6,70589362,70590220	9.63
chr6,122339268,122340303	chr6,84320100,84320387	5.86
chr6,122339268,122340303	chr6,89089806,89090269	13.99
chr6,122339268,122340303	chr6,89431535,89431679	36.17
chr6,122339268,122340303	chr6,92253870,92254038	9.99
chr6,122339268,122340303	chr6,93896205,93896608	18.36
chr6,122339268,122340303	chr6,94794560,94794937	6.16
chr6,122339268,122340303	chr6,95204286,95205119	216.03
chr6,122339268,122340303	chr6,95713928,95714369	10.13
chr6,122339268,122340303	chr6,99214602,99214865	14.41
chr6,122339268,122340303	chr6,100608667,100609119	14.5
chr6,122339268,122340303	chr6,100875627,100878179	41.38
chr6,122339268,122340303	chr6,102455736,102456722	10.56
chr6,122339268,122340303	chr6,103156704,103157502	56.08
chr6,122339268,122340303	chr6,106758027,106758819	23.06
chr6,122339268,122340303	chr6,107033726,107034396	23.02
chr6,122339268,122340303	chr6,108814983,108815234	18.94
chr6,122339268,122340303	chr6,112980153,112981544	21.83
chr6,122339268,122340303	chr6,113439252,113439774	21.26
chr6,122339268,122340303	chr6,116902352,116902865	9.09
chr6,122339268,122340303	chr6,117706617,117708303	9.81
chr6,122339268,122340303	chr6,118603726,118603921	113.67
chr6,122339268,122340303	chr6,119079609,119079752	12.99
chr6,122339268,122340303	chr6,119377103,119377765	11.13
chr6,122339268,122340303	chr6,119777300,119778264	5.08
chr6,122339268,122340303	chr6,121059200,121059764	9.04
chr6,122339268,122340303	chr6,121271930,121272071	7.16
chr6,122339268,122340303	chr6,121458492,121459553	5.12
chr6,122339268,122340303	chr6,122313674,122314128	5.18
chr6,122339268,122340303	chr6,122580230,122580438	5.28
chr6,122339268,122340303	chr6,122740820,122740980	9.03
chr6,122339268,122340303	chr6,122782756,122783185	8.23
chr6,122339268,122340303	chr6,122818500,122819566	5.91
chr6,122339268,122340303	chr6,122849355,122850064	6.64
chr6,122339268,122340303	chr6,122856024,122856131	11.24
chr6,122339268,122340303	chr6,122894292,122894443	7
chr6,122339268,122340303	chr6,125131820,125132015	5.28
chr6,122339268,122340303	chr6,125492417,125492795	16.47
chr6,122339268,122340303	chr6,125539745,125539867	12.8
chr6,122339268,122340303	chr6,128104709,128106320	9.38
chr6,122339268,122340303	chr6,128598601,128599588	7.64
chr6,122339268,122340303	chr6,130379374,130379608	10.88
chr6,122339268,122340303	chr6,133660195,133660514	37.74
chr6,122339268,122340303	chr6,134257591,134258118	214.86
chr6,122339268,122340303	chr6,134829148,134829880	118.98
chr6,122339268,122340303	chr6,136191454,136192910	7.3
chr6,122339268,122340303	chr6,137531608,137532914	26.69
chr6,122339268,122340303	chr6,138077713,138078765	66.35
chr6,122339268,122340303	chr6,139578233,139578356	10.8
chr6,122339268,122340303	chr6,142288966,142290227	86.61
chr6,122339268,122340303	chr6,142510633,142510920	6.6
chr6,122339268,122340303	chr6,142996552,142997269	14.57
chr6,122339268,122340303	chr6,144049851,144050168	6.48
chr6,122339268,122340303	chr6,145332448,145333227	6.4
chr6,122339268,122340303	chr6,145345277,145345811	6.4
chr6,122339268,122340303	chr6,145544460,145545436	146.48
chr6,122339268,122340303	chr6,147048406,147048898	6.3
chr6,122339268,122340303	chr6,147452527,147452849	27.3
chr6,122339268,122340303	chr6,148211528,148211756	10.17
chr6,122339268,122340303	chr7,98204196,98204385	5.54
chr6,122339268,122340303	chr9,47080397,47080545	5.54
chr6,122339268,122340303	chrX,165666034,165666484	13.57
chr6,122707354,122707701	chr1,80621418,80621783	50.09
chr6,122707354,122707701	chr1,172362318,172362560	59.98
chr6,122707354,122707701	chr10,36811728,36812645	157.19
chr6,122707354,122707701	chr10,47851119,47851525	5.54
chr6,122707354,122707701	chr11,100018677,100018973	22.13
chr6,122707354,122707701	chr13,12313423,12314057	9.48
chr6,122707354,122707701	chr14,81920117,81920666	22.13
chr6,122707354,122707701	chr16,80587176,80588142	9.48
chr6,122707354,122707701	chr17,63805054,63805908	168.67
chr6,122707354,122707701	chr4,38705938,38706231	13.57
chr6,122707354,122707701	chr4,48128834,48129422	70.1
chr6,122707354,122707701	chr4,75975163,75975456	9.48
chr6,122707354,122707701	chr4,79743081,79743682	50.09
chr6,122707354,122707701	chr6,6883399,6883904	26.6
chr6,122707354,122707701	chr6,8319937,8320114	13.59
chr6,122707354,122707701	chr6,17088299,17089017	45.27
chr6,122707354,122707701	chr6,27937707,27938075	5.57
chr6,122707354,122707701	chr6,31357694,31358176	45.28
chr6,122707354,122707701	chr6,32512697,32512859	191.97
chr6,122707354,122707701	chr6,48460722,48460840	9.54
chr6,122707354,122707701	chr6,72244237,72244467	13.73
chr6,122707354,122707701	chr6,74643541,74643978	22.33
chr6,122707354,122707701	chr6,82527241,82527434	70.37
chr6,122707354,122707701	chr6,84953241,84953877	31.44
chr6,122707354,122707701	chr6,92228889,92230087	27.08
chr6,122707354,122707701	chr6,96128628,96128925	6.2
chr6,122707354,122707701	chr6,98514181,98514535	10.26
chr6,122707354,122707701	chr6,102730527,102731301	46.28
chr6,122707354,122707701	chr6,115355113,115355395	15.7
chr6,122707354,122707701	chr6,116958059,116958493	5.16
chr6,122707354,122707701	chr6,117711802,117712306	14.25
chr6,122707354,122707701	chr6,118011070,118011641	5.16
chr6,122707354,122707701	chr6,118181957,118182151	8.74
chr6,122707354,122707701	chr6,118994794,118994926	15.41
chr6,122707354,122707701	chr6,121627760,121627890	9.9
chr6,122707354,122707701	chr6,122367874,122368210	5.56
chr6,122707354,122707701	chr6,122414041,122414401	6.45
chr6,122707354,122707701	chr6,122475119,122475879	5.01
chr6,122707354,122707701	chr6,122522138,122522665	5.73
chr6,122707354,122707701	chr6,122559870,122560302	5.21
chr6,122707354,122707701	chr6,122632725,122633285	5.71
chr6,122707354,122707701	chr6,123114303,123114450	6.98
chr6,122707354,122707701	chr6,123216206,123216773	5.11
chr6,122707354,122707701	chr6,123293940,123294094	11.35
chr6,122707354,122707701	chr6,123294897,123296798	14.85
chr6,122707354,122707701	chr6,123655515,123655934	6.78
chr6,122707354,122707701	chr6,123891211,123891756	5.59
chr6,122707354,122707701	chr6,124106386,124107343	5.89
chr6,122707354,122707701	chr6,125302212,125302713	9.11
chr6,122707354,122707701	chr6,128974438,128975268	7.99
chr6,122707354,122707701	chr6,132454344,132454527	61.93
chr6,122707354,122707701	chr6,148710598,148710948	10.16
chr6,122707354,122707701	chr7,113897602,113897856	70.1
chr8,72317488,72319340	chr10,18575802,18576223	55.01
chr8,72317488,72319340	chr11,29222669,29222999	65.02
chr8,72317488,72319340	chr11,54168033,54169151	70.1
chr8,72317488,72319340	chr12,83558739,83559832	31.12
chr8,72317488,72319340	chr13,99020282,99022690	17.79
chr8,72317488,72319340	chr13,102350765,102351118	26.58
chr8,72317488,72319340	chr14,85560407,85561008	5.54
chr8,72317488,72319340	chr14,96455749,96456162	5.54
chr8,72317488,72319340	chr16,18008002,18009480	5.54
chr8,72317488,72319340	chr16,71620426,71621479	257.84
chr8,72317488,72319340	chr16,95437725,95438272	13.57
chr8,72317488,72319340	chr17,28531033,28531363	22.13
chr8,72317488,72319340	chr17,74714743,74714910	26.58
chr8,72317488,72319340	chr19,20717640,20719207	31.12
chr8,72317488,72319340	chr19,45096380,45098906	22.13
chr8,72317488,72319340	chr2,10297165,10297495	59.98
chr8,72317488,72319340	chr2,11389767,11390235	9.48
chr8,72317488,72319340	chr2,136508962,136509526	40.46
chr8,72317488,72319340	chr2,144233150,144233596	5.54
chr8,72317488,72319340	chr2,167930154,167930281	326.06
chr8,72317488,72319340	chr3,119431499,119431707	5.54
chr8,72317488,72319340	chr4,8800005,8800113	441.68
chr8,72317488,72319340	chr4,82372159,82372482	13.57
chr8,72317488,72319340	chr4,88995623,88995903	26.58
chr8,72317488,72319340	chr4,95701888,95702149	17.79
chr8,72317488,72319340	chr5,34924428,34925067	45.24
chr8,72317488,72319340	chr5,122449859,122450517	9.48
chr8,72317488,72319340	chr5,135867977,135868338	17.79
chr8,72317488,72319340	chr6,115876474,115877275	31.12
chr8,72317488,72319340	chr6,119447846,119448808	22.13
chr8,72317488,72319340	chr6,129093262,129093498	45.24
chr8,72317488,72319340	chr6,145185397,145185588	251.74
chr8,72317488,72319340	chr7,23892272,23894394	13.57
chr8,72317488,72319340	chr7,140049628,140049820	186.08
chr8,72317488,72319340	chr7,143387826,143388631	31.12
chr8,72317488,72319340	chr8,5964680,5965691	118.01
chr8,72317488,72319340	chr8,8047040,8047285	65.1
chr8,72317488,72319340	chr8,11655174,11655807	26.68
chr8,72317488,72319340	chr8,12999179,12999465	215.66
chr8,72317488,72319340	chr8,13495772,13496183	145.9
chr8,72317488,72319340	chr8,13952673,13953167	101.72
chr8,72317488,72319340	chr8,34585828,34586197	5.86
chr8,72317488,72319340	chr8,34807995,34808956	9.8
chr8,72317488,72319340	chr8,60723814,60723960	13.19
chr8,72317488,72319340	chr8,60752769,60752979	51.36
chr8,72317488,72319340	chr8,61417370,61418065	10.28
chr8,72317488,72319340	chr8,67273309,67273488	9.17
chr8,72317488,72319340	chr8,69240187,69240737	11.95
chr8,72317488,72319340	chr8,70181588,70181949	19.21
chr8,72317488,72319340	chr8,71633041,71633183	5.57
chr8,72317488,72319340	chr8,71755967,71756078	5.08
chr8,72317488,72319340	chr8,71881134,71881464	5.2
chr8,72317488,72319340	chr8,72176430,72176655	6.96
chr8,72317488,72319340	chr8,72206544,72208076	5.46
chr8,72317488,72319340	chr8,72274679,72275144	5.5
chr8,72317488,72319340	chr8,72354487,72354613	5.68
chr8,72317488,72319340	chr8,72386286,72386478	5.01
chr8,72317488,72319340	chr8,72577462,72578791	5.26
chr8,72317488,72319340	chr8,72591313,72591418	7.94
chr8,72317488,72319340	chr8,74291387,74291734	8.6
chr8,72317488,72319340	chr8,84810371,84811013	10.65
chr8,72317488,72319340	chr8,85442718,85442972	27.51
chr8,72317488,72319340	chr8,85487649,85488303	195.23
chr8,72317488,72319340	chr8,87955558,87956709	61.07
chr8,72317488,72319340	chr8,90110732,90111449	26.88
chr8,72317488,72319340	chr8,91149229,91149384	107.64
chr8,72317488,72319340	chr8,95387520,95387827	14.36
chr8,72317488,72319340	chr8,95927947,95928588	55.72
chr8,72317488,72319340	chr8,104392274,104392697	65.42
chr8,72317488,72319340	chr8,105078294,105079486	86.02
chr8,72317488,72319340	chr8,107451917,107452040	9.85
chr8,72317488,72319340	chr8,110599297,110599805	5.85
chr8,72317488,72319340	chr8,110662029,110662688	26.88
chr8,72317488,72319340	chr8,111753308,111753715	5.83
chr8,72317488,72319340	chr8,113651853,113652980	18.05
chr8,72317488,72319340	chr8,115101660,115102137	9.72
chr8,72317488,72319340	chr8,116301482,116303043	45.45
chr8,72317488,72319340	chr8,119531095,119531774	9.67
chr8,72317488,72319340	chr8,120494940,120496299	197.93
chr8,72317488,72319340	chr8,123986367,123986644	50.23
chr8,72317488,72319340	chr8,124563398,124564124	31.27
chr8,72317488,72319340	chr8,126152961,126153527	22.27
chr8,72317488,72319340	chr9,61142631,61143126	227.57
chr8,72317488,72319340	chr9,64932810,64933607	17.79
chr8,72317488,72319340	chr9,109095580,109095725	55.01
chr8,72317488,72319340	chrX,84070249,84070539	35.75
chr8,72317488,72319340	chrX,113831838,113831974	59.98
chr8,72317488,72319340	chrX,154445953,154446064	75.24
chr9,78368132,78368522	chr10,125758822,125759216	22.13
chr9,78368132,78368522	chr14,47161900,47162085	9.48
chr9,78368132,78368522	chr14,74815689,74815938	9.48
chr9,78368132,78368522	chr14,98949745,98950385	75.24
chr9,78368132,78368522	chr16,91775039,91775488	140.18
chr9,78368132,78368522	chr18,34642514,34642907	5.54
chr9,78368132,78368522	chr18,89919484,89920944	85.66
chr9,78368132,78368522	chr2,75735439,75736959	5.54
chr9,78368132,78368522	chr3,89034982,89035852	13.57
chr9,78368132,78368522	chr3,90710448,90712038	5.54
chr9,78368132,78368522	chr3,146887655,146888731	5.54
chr9,78368132,78368522	chr3,147117417,147118503	40.46
chr9,78368132,78368522	chr4,105675083,105675798	85.66
chr9,78368132,78368522	chr5,121932864,121932986	17.79
chr9,78368132,78368522	chr6,118025825,118026157	5.54
chr9,78368132,78368522	chr7,101135564,101136247	13.57
chr9,78368132,78368522	chr8,64966116,64966371	123.45
chr9,78368132,78368522	chr9,21862296,21863526	17.92
chr9,78368132,78368522	chr9,23792415,23792698	5.68
chr9,78368132,78368522	chr9,25380709,25381666	5.69
chr9,78368132,78368522	chr9,30785263,30786010	13.76
chr9,78368132,78368522	chr9,33849629,33850367	35.97
chr9,78368132,78368522	chr9,40328461,40329188	9.79
chr9,78368132,78368522	chr9,40513480,40514050	26.9
chr9,78368132,78368522	chr9,46632745,46633583	22.57
chr9,78368132,78368522	chr9,47651258,47651541	27.07
chr9,78368132,78368522	chr9,56622964,56623687	146.61
chr9,78368132,78368522	chr9,57562864,57563823	65.98
chr9,78368132,78368522	chr9,62994148,62995232	7.11
chr9,78368132,78368522	chr9,67693399,67693683	18.87
chr9,78368132,78368522	chr9,71735572,71735909	8.28
chr9,78368132,78368522	chr9,73461467,73461995	14.74
chr9,78368132,78368522	chr9,74963827,74964589	11.57
chr9,78368132,78368522	chr9,76777856,76778354	8.12
chr9,78368132,78368522	chr9,78027544,78027764	5.69
chr9,78368132,78368522	chr9,78094717,78095192	5.59
chr9,78368132,78368522	chr9,78238198,78238815	5.81
chr9,78368132,78368522	chr9,78501251,78501826	6.17
chr9,78368132,78368522	chr9,78507748,78508286	6.6
chr9,78368132,78368522	chr9,78514750,78515314	5.19
chr9,78368132,78368522	chr9,83172178,83172792	5.33
chr9,78368132,78368522	chr9,99330449,99331091	10.48
chr9,78368132,78368522	chr9,99379627,99379964	32.1
chr9,78368132,78368522	chr9,101976920,101977973	14.38
chr9,78368132,78368522	chr9,119759797,119760178	5.8
