chr1,118628128,118629090	chr1,59096217,59096754	6.16
chr1,118628128,118629090	chr1,112896798,112896967	5.65
chr1,118628128,118629090	chr1,113938307,113941051	5.8
chr1,118628128,118629090	chr1,114415150,114417178	11.59
chr1,118628128,118629090	chr1,118652354,118653600	6.18
chr1,118628128,118629090	chr1,119077700,119078446	12.74
chr1,118628128,118629090	chr1,119891067,119891375	7.19
chr1,118628128,118629090	chr1,122210974,122211553	9.26
chr1,118628128,118629090	chr1,124344304,124345028	81.94
chr1,118628128,118629090	chr1,157203500,157204175	6.35
chr1,118628128,118629090	chr1,157400874,157401042	23.37
chr1,118628128,118629090	chr1,158867683,158868639	23.32
chr1,118628128,118629090	chr1,159425637,159426982	10.35
chr1,118628128,118629090	chr1,161285515,161285709	23.29
chr1,118628128,118629090	chr1,174436970,174438219	6.17
chr1,118628128,118629090	chr11,58605415,58605953	10.09
chr1,118628128,118629090	chr13,96768244,96769309	166.62
chr1,118628128,118629090	chr19,40927931,40928313	6.05
chr1,118628128,118629090	chr3,65270939,65271299	10.09
chr1,118628128,118629090	chr6,86695206,86695339	115.24
chr1,118628128,118629090	chr8,93748975,93749171	98.73
chr11,100938874,100939386	chr1,123281342,123281887	6.05
chr11,100938874,100939386	chr10,68444370,68445217	14.28
chr11,100938874,100939386	chr10,76297293,76297451	14.28
chr11,100938874,100939386	chr11,78914275,78914456	16.87
chr11,100938874,100939386	chr11,86416115,86416952	6.8
chr11,100938874,100939386	chr11,87082646,87083002	24.6
chr11,100938874,100939386	chr11,90668130,90668451	11.92
chr11,100938874,100939386	chr11,98110559,98110769	28.21
chr11,100938874,100939386	chr11,99526823,99527888	6.04
chr11,100938874,100939386	chr11,99596435,99596599	6.25
chr11,100938874,100939386	chr11,100148385,100149126	8.69
chr11,100938874,100939386	chr11,100475763,100475891	5.31
chr11,100938874,100939386	chr11,100490770,100490966	5.16
chr11,100938874,100939386	chr11,100759466,100760039	6.31
chr11,100938874,100939386	chr11,100885277,100885873	7.13
chr11,100938874,100939386	chr11,101047789,101048326	6.32
chr11,100938874,100939386	chr11,101122875,101123015	8.46
chr11,100938874,100939386	chr11,116337666,116338192	9.7
chr11,100938874,100939386	chr11,119021829,119022391	6.87
chr11,100938874,100939386	chr11,121595701,121595859	16.48
chr11,100938874,100939386	chr12,87395719,87396329	10.09
chr11,100938874,100939386	chr13,38415363,38415607	6.05
chr11,100938874,100939386	chr14,100035541,100035893	6.05
chr11,100938874,100939386	chr15,82791711,82792576	232.41
chr11,100938874,100939386	chr15,89167210,89168240	36.98
chr11,100938874,100939386	chr15,98664082,98664623	14.28
chr11,100938874,100939386	chr16,14370196,14371900	32.25
chr11,100938874,100939386	chr16,19741576,19741855	18.61
chr11,100938874,100939386	chr16,50891067,50891500	18.61
chr11,100938874,100939386	chr17,27228930,27229032	14.28
chr11,100938874,100939386	chr17,46112533,46112747	14.28
chr11,100938874,100939386	chr18,24504689,24505291	32.25
chr11,100938874,100939386	chr19,56452991,56454540	27.6
chr11,100938874,100939386	chr2,57873808,57874137	338.95
chr11,100938874,100939386	chr2,119677482,119677981	51.63
chr11,100938874,100939386	chr2,170976568,170977246	14.28
chr11,100938874,100939386	chr3,17736634,17737187	72.06
chr11,100938874,100939386	chr3,87690940,87691211	10.09
chr11,100938874,100939386	chr3,102567954,102568594	313.43
chr11,100938874,100939386	chr3,118583921,118584622	10.09
chr11,100938874,100939386	chr4,34869153,34869849	51.63
chr11,100938874,100939386	chr4,103284098,103284521	10.09
chr11,100938874,100939386	chr4,123812349,123812501	10.09
chr11,100938874,100939386	chr5,103310993,103313632	10.09
chr11,100938874,100939386	chr6,58498316,58498547	14.28
chr11,100938874,100939386	chr7,129529483,129529923	6.05
chr11,100938874,100939386	chr8,34043795,34044171	220.24
chr11,100938874,100939386	chr8,80515409,80515542	10.09
chr11,100938874,100939386	chr8,119839262,119839897	10.09
chr12,86419274,86422913	chr1,89294265,89294662	56.65
chr12,86419274,86422913	chr1,133412673,133413080	6.05
chr12,86419274,86422913	chr1,186768508,186768735	27.6
chr12,86419274,86422913	chr10,66902922,66904431	18.61
chr12,86419274,86422913	chr11,6395073,6395423	6.05
chr12,86419274,86422913	chr11,52601584,52603523	6.05
chr12,86419274,86422913	chr11,59136621,59137196	10.09
chr12,86419274,86422913	chr11,66507333,66508314	6.05
chr12,86419274,86422913	chr11,70644764,70645086	10.09
chr12,86419274,86422913	chr11,108752598,108753679	14.28
chr12,86419274,86422913	chr12,5835981,5836299	10.13
chr12,86419274,86422913	chr12,10213963,10214262	14.33
chr12,86419274,86422913	chr12,14918600,14919018	10.15
chr12,86419274,86422913	chr12,18284344,18285710	27.66
chr12,86419274,86422913	chr12,44552025,44552488	18.73
chr12,86419274,86422913	chr12,45356458,45358425	32.44
chr12,86419274,86422913	chr12,50386409,50386566	18.67
chr12,86419274,86422913	chr12,54315851,54316346	6.45
chr12,86419274,86422913	chr12,57355693,57355822	21.82
chr12,86419274,86422913	chr12,62217420,62218550	23.47
chr12,86419274,86422913	chr12,64713370,64713696	6.78
chr12,86419274,86422913	chr12,67731579,67732664	18.52
chr12,86419274,86422913	chr12,69419941,69420454	17.76
chr12,86419274,86422913	chr12,70547293,70548009	337.34
chr12,86419274,86422913	chr12,70655928,70656790	9.83
chr12,86419274,86422913	chr12,70685898,70686301	6.88
chr12,86419274,86422913	chr12,73549151,73549707	13.46
chr12,86419274,86422913	chr12,75766162,75766305	17.81
chr12,86419274,86422913	chr12,79785030,79785535	9.46
chr12,86419274,86422913	chr12,80526622,80526923	171.76
chr12,86419274,86422913	chr12,80615255,80615454	6.27
chr12,86419274,86422913	chr12,81313395,81313952	5.88
chr12,86419274,86422913	chr12,82666273,82666575	7.71
chr12,86419274,86422913	chr12,83242520,83243222	9.16
chr12,86419274,86422913	chr12,84940221,84941025	5.52
chr12,86419274,86422913	chr12,85911370,85913238	11.58
chr12,86419274,86422913	chr12,85919529,85920489	11.41
chr12,86419274,86422913	chr12,85929056,85929474	5.19
chr12,86419274,86422913	chr12,86070287,86070653	5.39
chr12,86419274,86422913	chr12,86088574,86089024	5
chr12,86419274,86422913	chr12,86146956,86147843	5.07
chr12,86419274,86422913	chr12,86252899,86253274	6.7
chr12,86419274,86422913	chr12,86627999,86628350	8.43
chr12,86419274,86422913	chr12,87018481,87018993	15.19
chr12,86419274,86422913	chr12,87091533,87091981	5.35
chr12,86419274,86422913	chr12,88875723,88876132	26.57
chr12,86419274,86422913	chr12,89041754,89041874	29.24
chr12,86419274,86422913	chr12,91018527,91018707	9.68
chr12,86419274,86422913	chr12,91138851,91140175	5.66
chr12,86419274,86422913	chr12,91430075,91430648	12.32
chr12,86419274,86422913	chr12,94100590,94101645	7.2
chr12,86419274,86422913	chr12,94861821,94861980	7.54
chr12,86419274,86422913	chr12,96441052,96441371	10.04
chr12,86419274,86422913	chr12,98243152,98244035	20.8
chr12,86419274,86422913	chr12,100200485,100201914	665.27
chr12,86419274,86422913	chr12,102986000,102986577	19.95
chr12,86419274,86422913	chr12,103132481,103132922	6.89
chr12,86419274,86422913	chr12,104146163,104146532	18.09
chr12,86419274,86422913	chr12,104238380,104238624	6.89
chr12,86419274,86422913	chr12,104277493,104278776	18.15
chr12,86419274,86422913	chr12,104779674,104780198	13.15
chr12,86419274,86422913	chr12,105983558,105983682	10.34
chr12,86419274,86422913	chr12,108373145,108374608	544.45
chr12,86419274,86422913	chr12,108468135,108468337	19.83
chr12,86419274,86422913	chr12,112487522,112488070	6.63
chr12,86419274,86422913	chr12,113179235,113179494	17.98
chr12,86419274,86422913	chr12,113397252,113397547	6.59
chr12,86419274,86422913	chr12,116896648,116897364	6.49
chr12,86419274,86422913	chr12,117500397,117500982	10.45
chr12,86419274,86422913	chr12,117985729,117986170	18.49
chr12,86419274,86422913	chr12,118598908,118599110	6.45
chr12,86419274,86422913	chr13,31273193,31273402	27.6
chr12,86419274,86422913	chr13,51435028,51435290	18.61
chr12,86419274,86422913	chr13,99691210,99691427	10.09
chr12,86419274,86422913	chr14,47742770,47743014	430.15
chr12,86419274,86422913	chr14,56201973,56202898	18.61
chr12,86419274,86422913	chr15,21708181,21708563	338.95
chr12,86419274,86422913	chr16,71363218,71363716	14.28
chr12,86419274,86422913	chr17,83774166,83774918	18.61
chr12,86419274,86422913	chr18,26346885,26347132	10.09
chr12,86419274,86422913	chr18,43048546,43048712	6.05
chr12,86419274,86422913	chr19,6144949,6146041	18.61
chr12,86419274,86422913	chr19,22950017,22950159	351.81
chr12,86419274,86422913	chr19,25910334,25910680	41.79
chr12,86419274,86422913	chr19,34820307,34821727	46.68
chr12,86419274,86422913	chr2,49579214,49579342	36.98
chr12,86419274,86422913	chr2,78810421,78810582	10.09
chr12,86419274,86422913	chr2,115629222,115629647	27.6
chr12,86419274,86422913	chr3,129662756,129662870	27.6
chr12,86419274,86422913	chr4,34024690,34024866	23.05
chr12,86419274,86422913	chr4,75041254,75041687	23.05
chr12,86419274,86422913	chr5,20964091,20965019	10.09
chr12,86419274,86422913	chr5,133777806,133778773	14.28
chr12,86419274,86422913	chr5,135255128,135255521	14.28
chr12,86419274,86422913	chr6,28961991,28962544	32.25
chr12,86419274,86422913	chr6,57600146,57600407	14.28
chr12,86419274,86422913	chr7,75701780,75702280	250.82
chr12,86419274,86422913	chr7,117709627,117711559	27.6
chr12,86419274,86422913	chr7,140853863,140854105	36.98
chr12,86419274,86422913	chr7,144461896,144462182	10.09
chr12,86419274,86422913	chr9,94230799,94231486	6.05
chr12,86419274,86422913	chr9,104443116,104443793	10.09
chr12,86419274,86422913	chr9,123314351,123314880	6.05
chr15,7128930,7130283	chr10,90689001,90689322	10.09
chr15,7128930,7130283	chr11,81921074,81921401	6.05
chr15,7128930,7130283	chr13,11472190,11473441	46.68
chr15,7128930,7130283	chr15,3376943,3378092	6.55
chr15,7128930,7130283	chr15,3635057,3635515	5.42
chr15,7128930,7130283	chr15,3686194,3686352	6.28
chr15,7128930,7130283	chr15,3778087,3778683	9.54
chr15,7128930,7130283	chr15,4744618,4744884	5.39
chr15,7128930,7130283	chr15,5436925,5437528	7.48
chr15,7128930,7130283	chr15,6966442,6966843	7.15
chr15,7128930,7130283	chr15,7036960,7037500	5.33
chr15,7128930,7130283	chr15,7259603,7259781	5.66
chr15,7128930,7130283	chr15,7446863,7447015	5
chr15,7128930,7130283	chr15,7469482,7469817	5.02
chr15,7128930,7130283	chr15,10130905,10131445	149.16
chr15,7128930,7130283	chr15,10136555,10136781	6.68
chr15,7128930,7130283	chr15,17132775,17133438	122.92
chr15,7128930,7130283	chr15,23167799,23167995	25.79
chr15,7128930,7130283	chr15,24089746,24089916	23.83
chr15,7128930,7130283	chr15,25174674,25176390	10.55
chr15,7128930,7130283	chr15,34727788,34728091	248.87
chr15,7128930,7130283	chr15,41399088,41399445	22.99
chr15,7128930,7130283	chr15,43510492,43511490	189.73
chr15,7128930,7130283	chr15,54657146,54657771	6.22
chr15,7128930,7130283	chr15,60501854,60503123	6.18
chr15,7128930,7130283	chr15,68450121,68450319	109.7
chr15,7128930,7130283	chr15,70464972,70465583	10.17
chr15,7128930,7130283	chr15,70630499,70630777	6.13
chr15,7128930,7130283	chr15,72291196,72291664	10.17
chr15,7128930,7130283	chr15,73625505,73626150	56.69
chr15,7128930,7130283	chr15,74512982,74513622	6.12
chr15,7128930,7130283	chr15,103460775,103461026	27.63
chr15,7128930,7130283	chr16,4661898,4662835	109.7
chr15,7128930,7130283	chr16,34335500,34336034	18.61
chr15,7128930,7130283	chr17,73202824,73203460	257
chr15,7128930,7130283	chr18,9641844,9641946	27.6
chr15,7128930,7130283	chr18,81782499,81783469	6.05
chr15,7128930,7130283	chr19,29510460,29510575	208.15
chr15,7128930,7130283	chr19,44377177,44377372	263.2
chr15,7128930,7130283	chr2,37107323,37107556	6.05
chr15,7128930,7130283	chr2,101537786,101538447	10.09
chr15,7128930,7130283	chr4,45517193,45517388	27.6
chr15,7128930,7130283	chr4,81266501,81266616	6.05
chr15,7128930,7130283	chr6,8912407,8912779	14.28
chr15,7128930,7130283	chr6,12200316,12200699	6.05
chr15,7128930,7130283	chr7,29426579,29427140	66.86
chr15,7128930,7130283	chr7,51729449,51730850	14.28
chr15,7128930,7130283	chr8,8209954,8210613	14.28
chr15,7128930,7130283	chr8,114652309,114653151	14.28
chr15,7128930,7130283	chr9,29090770,29091136	18.61
chr15,7128930,7130283	chr9,29283310,29283871	14.28
chr15,7128930,7130283	chr9,96946090,96946352	6.05
chr16,10479663,10480580	chr1,175177318,175177846	36.98
chr16,10479663,10480580	chr10,106680155,106680540	430.15
chr16,10479663,10480580	chr10,125892636,125893380	6.05
chr16,10479663,10480580	chr11,76699813,76700132	10.09
chr16,10479663,10480580	chr12,56333006,56333324	6.05
chr16,10479663,10480580	chr12,108407693,108407859	41.79
chr16,10479663,10480580	chr13,6869781,6870834	18.61
chr16,10479663,10480580	chr13,48787908,48788150	10.09
chr16,10479663,10480580	chr13,74911932,74912675	10.09
chr16,10479663,10480580	chr13,96984097,96984953	6.05
chr16,10479663,10480580	chr14,18290448,18290723	10.09
chr16,10479663,10480580	chr14,111119524,111119802	27.6
chr16,10479663,10480580	chr15,79739305,79740330	23.05
chr16,10479663,10480580	chr16,4118969,4119264	16.17
chr16,10479663,10480580	chr16,5201605,5202252	17.24
chr16,10479663,10480580	chr16,7728015,7728873	7.41
chr16,10479663,10480580	chr16,8422293,8422667	6.52
chr16,10479663,10480580	chr16,8617325,8617700	6.85
chr16,10479663,10480580	chr16,9780151,9781499	5.64
chr16,10479663,10480580	chr16,10263932,10264456	5.25
chr16,10479663,10480580	chr16,10508953,10509248	6.19
chr16,10479663,10480580	chr16,10822384,10822499	5.79
chr16,10479663,10480580	chr16,11096046,11096796	6.27
chr16,10479663,10480580	chr16,11508212,11508580	5.11
chr16,10479663,10480580	chr16,12038677,12038796	8.25
chr16,10479663,10480580	chr16,12564137,12564358	7.19
chr16,10479663,10480580	chr16,12640851,12641289	5.28
chr16,10479663,10480580	chr16,12656841,12657717	5.3
chr16,10479663,10480580	chr16,13510651,13510805	7.77
chr16,10479663,10480580	chr16,16875863,16876173	16.22
chr16,10479663,10480580	chr16,17015357,17016564	16.42
chr16,10479663,10480580	chr16,17246938,17247684	6.62
chr16,10479663,10480580	chr16,23488762,23489441	23.23
chr16,10479663,10480580	chr16,33671217,33671702	37.65
chr16,10479663,10480580	chr16,34122002,34123311	14.82
chr16,10479663,10480580	chr16,37033856,37034534	680.88
chr16,10479663,10480580	chr16,38125014,38125270	23.06
chr16,10479663,10480580	chr16,40331081,40332351	42.21
chr16,10479663,10480580	chr16,58730859,58731636	32.4
chr16,10479663,10480580	chr16,63437309,63437838	27.73
chr16,10479663,10480580	chr16,63504607,63507154	23.19
chr16,10479663,10480580	chr16,76344287,76344561	18.68
chr16,10479663,10480580	chr17,24953491,24953772	41.79
chr16,10479663,10480580	chr18,21107005,21107995	36.98
chr16,10479663,10480580	chr18,38202688,38203265	18.61
chr16,10479663,10480580	chr18,38661826,38662617	23.05
chr16,10479663,10480580	chr2,3247503,3247996	36.98
chr16,10479663,10480580	chr2,90744806,90745487	36.98
chr16,10479663,10480580	chr2,104869712,104870053	6.05
chr16,10479663,10480580	chr2,180611049,180611409	36.98
chr16,10479663,10480580	chr4,122938668,122938888	36.98
chr16,10479663,10480580	chr5,43813987,43814743	36.98
chr16,10479663,10480580	chr5,105529115,105529654	27.6
chr16,10479663,10480580	chr6,17589238,17590886	51.63
chr16,10479663,10480580	chr6,56601184,56601376	23.05
chr16,10479663,10480580	chr9,10074161,10074910	27.6
chr16,10479663,10480580	chrX,112689084,112690469	14.28
chr16,10486858,10489086	chr1,6881326,6881769	27.6
chr16,10486858,10489086	chr1,9515621,9515809	23.05
chr16,10486858,10489086	chr1,60659736,60659856	18.61
chr16,10486858,10489086	chr1,74081876,74082384	14.28
chr16,10486858,10489086	chr1,126556590,126556705	23.05
chr16,10486858,10489086	chr1,135690745,135691174	18.61
chr16,10486858,10489086	chr1,157069712,157069902	41.79
chr16,10486858,10489086	chr10,44902089,44903382	14.28
chr16,10486858,10489086	chr11,61913762,61915574	6.05
chr16,10486858,10489086	chr11,79688329,79688896	18.61
chr16,10486858,10489086	chr12,107824223,107824608	6.05
chr16,10486858,10489086	chr13,79075322,79075679	27.6
chr16,10486858,10489086	chr13,92115432,92115809	36.98
chr16,10486858,10489086	chr14,32189503,32189861	18.61
chr16,10486858,10489086	chr14,70087799,70088374	32.25
chr16,10486858,10489086	chr14,117927127,117927972	456.69
chr16,10486858,10489086	chr15,15308337,15309103	6.05
chr16,10486858,10489086	chr15,27996016,27996241	703.31
chr16,10486858,10489086	chr15,51818004,51818497	6.05
chr16,10486858,10489086	chr16,4108305,4108793	9.88
chr16,10486858,10489086	chr16,8468858,8469293	5.92
chr16,10486858,10489086	chr16,9243263,9244480	5.34
chr16,10486858,10489086	chr16,10106491,10108336	5.05
chr16,10486858,10489086	chr16,10201940,10202440	11.01
chr16,10486858,10489086	chr16,10277251,10277432	5.51
chr16,10486858,10489086	chr16,10290924,10291212	5.34
chr16,10486858,10489086	chr16,10319833,10320450	5.25
chr16,10486858,10489086	chr16,11639327,11639780	5.06
chr16,10486858,10489086	chr16,13634576,13634769	5.75
chr16,10486858,10489086	chr16,16946307,16946981	7.72
chr16,10486858,10489086	chr16,18373193,18373343	10.04
chr16,10486858,10489086	chr16,18889306,18889870	9.07
chr16,10486858,10489086	chr16,20685198,20686020	11.77
chr16,10486858,10489086	chr16,24170277,24170514	451.59
chr16,10486858,10489086	chr16,25036084,25036247	8.34
chr16,10486858,10489086	chr16,29118667,29119348	51.31
chr16,10486858,10489086	chr16,32279900,32280179	25.07
chr16,10486858,10489086	chr16,33301085,33302863	6.53
chr16,10486858,10489086	chr16,35242902,35243413	6.51
chr16,10486858,10489086	chr16,38398206,38398413	13.7
chr16,10486858,10489086	chr16,45733051,45733246	24.98
chr16,10486858,10489086	chr16,47772614,47773195	635.89
chr16,10486858,10489086	chr16,52044247,52044679	18.45
chr16,10486858,10489086	chr16,52386999,52387747	27.76
chr16,10486858,10489086	chr16,57738485,57739086	18.59
chr16,10486858,10489086	chr16,78034754,78034861	27.65
chr16,10486858,10489086	chr16,94167297,94168029	37
chr16,10486858,10489086	chr16,97823348,97826260	701.91
chr16,10486858,10489086	chr16,97923769,97924196	166.5
chr16,10486858,10489086	chr17,7592138,7592754	18.61
chr16,10486858,10489086	chr17,89350237,89350798	23.05
chr16,10486858,10489086	chr18,7657574,7658609	14.28
chr16,10486858,10489086	chr18,53380341,53380512	27.6
chr16,10486858,10489086	chr19,41932516,41932914	10.09
chr16,10486858,10489086	chr3,84634029,84635625	6.05
chr16,10486858,10489086	chr4,14928659,14928864	10.09
chr16,10486858,10489086	chr4,136326243,136326872	23.05
chr16,10486858,10489086	chr4,150304871,150305036	32.25
chr16,10486858,10489086	chr5,29017233,29017935	10.09
chr16,10486858,10489086	chr5,118802381,118802882	14.28
chr16,10486858,10489086	chr5,122135818,122136533	18.61
chr16,10486858,10489086	chr5,146829470,146829876	6.05
chr16,10486858,10489086	chr6,17519263,17519608	87.93
chr16,10486858,10489086	chr6,108191115,108191407	23.05
chr16,10486858,10489086	chr6,111718374,111718752	10.09
chr16,10486858,10489086	chr6,112384742,112384911	6.05
chr16,10486858,10489086	chr6,120158334,120158442	36.98
chr16,10486858,10489086	chr6,124993904,124994627	410.38
chr16,10486858,10489086	chr7,5935773,5936195	18.61
chr16,10486858,10489086	chr7,20063809,20064301	6.05
chr16,10486858,10489086	chr7,49445630,49446342	10.09
chr16,10486858,10489086	chr7,65765736,65765995	10.09
chr16,10486858,10489086	chr8,35953119,35953275	6.05
chr16,10486858,10489086	chr8,84076006,84076253	10.09
chr16,10486858,10489086	chr9,15097085,15097310	23.05
chr16,10486858,10489086	chr9,22392388,22393243	10.09
chr16,10486858,10489086	chr9,44492939,44493309	56.65
chr16,10486858,10489086	chr9,46349410,46351172	23.05
chr16,10486858,10489086	chr9,78517563,78517760	6.05
chr16,10486858,10489086	chrX,113609715,113609919	6.05
chr16,10489551,10489878	chr1,5023532,5024130	10.09
chr16,10489551,10489878	chr1,13134287,13135176	14.28
chr16,10489551,10489878	chr1,36474736,36475069	27.6
chr16,10489551,10489878	chr10,8778440,8779206	36.98
chr16,10489551,10489878	chr10,38721627,38721834	14.28
chr16,10489551,10489878	chr10,72456022,72456327	18.61
chr16,10489551,10489878	chr11,55397678,55398563	10.09
chr16,10489551,10489878	chr11,72525165,72526321	18.61
chr16,10489551,10489878	chr12,3705302,3706143	18.61
chr16,10489551,10489878	chr12,24561469,24561797	598.99
chr16,10489551,10489878	chr12,118130781,118131188	66.86
chr16,10489551,10489878	chr13,91093811,91093983	27.6
chr16,10489551,10489878	chr14,60197488,60197853	27.6
chr16,10489551,10489878	chr15,6484822,6485152	36.98
chr16,10489551,10489878	chr15,9529364,9529601	633.54
chr16,10489551,10489878	chr15,57888684,57890053	36.98
chr16,10489551,10489878	chr16,3963007,3964322	203.07
chr16,10489551,10489878	chr16,4600613,4600744	5.27
chr16,10489551,10489878	chr16,4632864,4632998	5.25
chr16,10489551,10489878	chr16,4821327,4821537	239.39
chr16,10489551,10489878	chr16,5042859,5043120	5.1
chr16,10489551,10489878	chr16,8522630,8523022	7.32
chr16,10489551,10489878	chr16,8534857,8535710	8.21
chr16,10489551,10489878	chr16,9762223,9762877	5.5
chr16,10489551,10489878	chr16,10271453,10271595	5.74
chr16,10489551,10489878	chr16,10614092,10615828	6.93
chr16,10489551,10489878	chr16,10652517,10652975	5.2
chr16,10489551,10489878	chr16,10792957,10793332	5.32
chr16,10489551,10489878	chr16,10828677,10830145	5.23
chr16,10489551,10489878	chr16,10944565,10944698	5.44
chr16,10489551,10489878	chr16,11076432,11076999	11.62
chr16,10489551,10489878	chr16,11248096,11248197	19.64
chr16,10489551,10489878	chr16,11361780,11362031	23.47
chr16,10489551,10489878	chr16,11563189,11564979	5.12
chr16,10489551,10489878	chr16,11647385,11648564	5.73
chr16,10489551,10489878	chr16,12037243,12037901	6.94
chr16,10489551,10489878	chr16,12484954,12485245	29.47
chr16,10489551,10489878	chr16,13366917,13367076	5.59
chr16,10489551,10489878	chr16,14200142,14201335	6.27
chr16,10489551,10489878	chr16,14319895,14321494	9.09
chr16,10489551,10489878	chr16,18196470,18196858	23.02
chr16,10489551,10489878	chr16,18673087,18674047	9.46
chr16,10489551,10489878	chr16,21928565,21929067	21.2
chr16,10489551,10489878	chr16,22398371,22398767	27.73
chr16,10489551,10489878	chr16,24038721,24039049	6.94
chr16,10489551,10489878	chr16,26794840,26795175	20.44
chr16,10489551,10489878	chr16,29778748,29779851	66.99
chr16,10489551,10489878	chr16,29943598,29944052	10.51
chr16,10489551,10489878	chr16,37408347,37409289	24.93
chr16,10489551,10489878	chr16,37677047,37677335	18.31
chr16,10489551,10489878	chr16,38644563,38645164	25.67
chr16,10489551,10489878	chr16,41445260,41445514	10.48
chr16,10489551,10489878	chr16,42912221,42912783	14.55
chr16,10489551,10489878	chr16,43315215,43316347	6.44
chr16,10489551,10489878	chr16,43654757,43655383	578.83
chr16,10489551,10489878	chr16,44523345,44523875	42.06
chr16,10489551,10489878	chr16,52119251,52119420	467.65
chr16,10489551,10489878	chr16,57304833,57305228	46.8
chr16,10489551,10489878	chr16,60616685,60617350	23.13
chr16,10489551,10489878	chr16,90370744,90371705	37.01
chr16,10489551,10489878	chr16,92105249,92105731	6.09
chr16,10489551,10489878	chr16,95799932,95800449	6.09
chr16,10489551,10489878	chr18,7920582,7920701	23.05
chr16,10489551,10489878	chr18,36265162,36265566	41.79
chr16,10489551,10489878	chr18,39088873,39089802	14.28
chr16,10489551,10489878	chr19,5486514,5486805	10.09
chr16,10489551,10489878	chr19,36445568,36449780	41.79
chr16,10489551,10489878	chr2,126519755,126520551	6.05
chr16,10489551,10489878	chr2,156286940,156287423	18.61
chr16,10489551,10489878	chr4,50138503,50138909	18.61
chr16,10489551,10489878	chr4,110982051,110982231	23.05
chr16,10489551,10489878	chr4,150207750,150208994	196.16
chr16,10489551,10489878	chr5,28662276,28662564	10.09
chr16,10489551,10489878	chr5,81724097,81724444	23.05
chr16,10489551,10489878	chr5,91203825,91204717	10.09
chr16,10489551,10489878	chr6,6474226,6475044	36.98
chr16,10489551,10489878	chr6,25766565,25767470	36.98
chr16,10489551,10489878	chr6,34320141,34320371	27.6
chr16,10489551,10489878	chr6,36884999,36885108	537.43
chr16,10489551,10489878	chr7,21130767,21131076	6.05
chr16,10489551,10489878	chr7,28050681,28051232	23.05
chr16,10489551,10489878	chr7,82311962,82312369	6.05
chr16,10489551,10489878	chr7,138407688,138407963	14.28
chr16,10489551,10489878	chr8,57432428,57432857	10.09
chr16,10489551,10489878	chr9,30401920,30402440	27.6
chr16,10489551,10489878	chr9,33470320,33470566	14.28
chr16,10489551,10489878	chr9,47283108,47283782	32.25
chr16,10489551,10489878	chr9,78517563,78517760	14.28
chr16,10489551,10489878	chr9,79238635,79238843	23.05
chr16,10489551,10489878	chrX,17376805,17377295	14.28
chr16,10489551,10489878	chrX,50765194,50765750	18.61
chr2,168766420,168767218	chr1,89799350,89799586	6.05
chr2,168766420,168767218	chr13,43920875,43921055	6.05
chr2,168766420,168767218	chr13,49567265,49568041	6.05
chr2,168766420,168767218	chr13,50527685,50528051	87.93
chr2,168766420,168767218	chr17,43684823,43685256	202.15
chr2,168766420,168767218	chr18,56482500,56482619	6.05
chr2,168766420,168767218	chr18,88958623,88959672	6.05
chr2,168766420,168767218	chr2,52437270,52437519	10.1
chr2,168766420,168767218	chr2,68277714,68278175	18.63
chr2,168766420,168767218	chr2,80030250,80030667	10.12
chr2,168766420,168767218	chr2,107853504,107854023	14.37
chr2,168766420,168767218	chr2,109963950,109964346	6.15
chr2,168766420,168767218	chr2,112670625,112671350	10.2
chr2,168766420,168767218	chr2,117772098,117773411	14.42
chr2,168766420,168767218	chr2,127428293,127428399	468.18
chr2,168766420,168767218	chr2,145312138,145312841	18.24
chr2,168766420,168767218	chr2,150135529,150136135	7.04
chr2,168766420,168767218	chr2,154001321,154002045	388.86
chr2,168766420,168767218	chr2,157595162,157596125	11.71
chr2,168766420,168767218	chr2,159316158,159316827	8.88
chr2,168766420,168767218	chr2,160704350,160704583	147.05
chr2,168766420,168767218	chr2,161673399,161673966	6.13
chr2,168766420,168767218	chr2,164012424,164013746	5.24
chr2,168766420,168767218	chr2,164030692,164031217	5.23
chr2,168766420,168767218	chr2,165190513,165191440	98.33
chr2,168766420,168767218	chr2,168337555,168338285	9.26
chr2,168766420,168767218	chr2,168519967,168520137	8.71
chr2,168766420,168767218	chr2,168824643,168825027	6.93
chr2,168766420,168767218	chr2,168845036,168845372	6.65
chr2,168766420,168767218	chr2,169365768,169365906	16.33
chr2,168766420,168767218	chr2,174864713,174865287	5.78
chr2,168766420,168767218	chr2,178093409,178094113	6.74
chr2,168766420,168767218	chr2,181447289,181447888	12.36
chr2,168766420,168767218	chr3,137027944,137029120	6.05
chr2,168766420,168767218	chr4,149074505,149075057	10.09
chr2,168766420,168767218	chr5,146134850,146136240	6.05
chr2,168766420,168767218	chr7,12734753,12734951	109.7
chr2,168766420,168767218	chr7,131281187,131281524	6.05
chr2,168766420,168767218	chr9,102702967,102703687	6.05
chr3,34648729,34650279	chr11,24764830,24765997	18.61
chr3,34648729,34650279	chr13,38834617,38835294	18.61
chr3,34648729,34650279	chr14,46566941,46568072	6.05
chr3,34648729,34650279	chr16,29586302,29586551	10.09
chr3,34648729,34650279	chr16,87796576,87796970	6.05
chr3,34648729,34650279	chr17,73154162,73154599	10.09
chr3,34648729,34650279	chr19,58926349,58926734	6.05
chr3,34648729,34650279	chr2,41013991,41014290	14.28
chr3,34648729,34650279	chr3,3216762,3217053	262.4
chr3,34648729,34650279	chr3,5852694,5853143	533.02
chr3,34648729,34650279	chr3,17087941,17088080	20.59
chr3,34648729,34650279	chr3,17150315,17151674	10.95
chr3,34648729,34650279	chr3,26164866,26165101	7.07
chr3,34648729,34650279	chr3,29790791,29793045	13.77
chr3,34648729,34650279	chr3,31408104,31408842	7.04
chr3,34648729,34650279	chr3,31413891,31414648	5.05
chr3,34648729,34650279	chr3,32583559,32583901	11.31
chr3,34648729,34650279	chr3,33871466,33871707	5.09
chr3,34648729,34650279	chr3,33937330,33938063	8.48
chr3,34648729,34650279	chr3,34002467,34002833	5.37
chr3,34648729,34650279	chr3,34399951,34400421	5.17
chr3,34648729,34650279	chr3,35222425,35222752	5.14
chr3,34648729,34650279	chr3,35342509,35345342	5.62
chr3,34648729,34650279	chr3,35486417,35486697	5.67
chr3,34648729,34650279	chr3,36432892,36433094	5.01
chr3,34648729,34650279	chr3,36649448,36649866	5.79
chr3,34648729,34650279	chr3,38674447,38674666	182.5
chr3,34648729,34650279	chr3,39502082,39503442	5.83
chr3,34648729,34650279	chr3,40421997,40422459	6.22
chr3,34648729,34650279	chr3,40480896,40481720	217.07
chr3,34648729,34650279	chr3,43290632,43291151	9.28
chr3,34648729,34650279	chr3,58480580,58481269	10.77
chr3,34648729,34650279	chr3,59278309,59279232	26.06
chr3,34648729,34650279	chr3,61292681,61293589	14.78
chr3,34648729,34650279	chr3,78271297,78271420	10.3
chr3,34648729,34650279	chr3,89658306,89658466	14.4
chr3,34648729,34650279	chr3,99136385,99136711	14.36
chr3,34648729,34650279	chr4,123579390,123579604	6.05
chr3,34648729,34650279	chr5,36766049,36766256	10.09
chr3,34648729,34650279	chr5,40119346,40119457	232.41
chr4,55531324,55531996	chr1,61706220,61706669	6.05
chr4,55531324,55531996	chr1,64258115,64258772	10.09
chr4,55531324,55531996	chr10,84843893,84844462	14.28
chr4,55531324,55531996	chr10,119135942,119136424	6.05
chr4,55531324,55531996	chr11,98135799,98136879	149.22
chr4,55531324,55531996	chr12,21347648,21348047	32.25
chr4,55531324,55531996	chr13,34774126,34774847	10.09
chr4,55531324,55531996	chr13,98352187,98352698	6.05
chr4,55531324,55531996	chr13,110037798,110038445	23.05
chr4,55531324,55531996	chr14,21741867,21742364	27.6
chr4,55531324,55531996	chr14,105700543,105700780	18.61
chr4,55531324,55531996	chr19,21480637,21480903	41.79
chr4,55531324,55531996	chr3,24430904,24431689	220.24
chr4,55531324,55531996	chr3,134946789,134947296	126.43
chr4,55531324,55531996	chr4,6866639,6867650	6.22
chr4,55531324,55531996	chr4,26286025,26286155	10.56
chr4,55531324,55531996	chr4,33217329,33217756	10.76
chr4,55531324,55531996	chr4,44102851,44103148	346.44
chr4,55531324,55531996	chr4,45841959,45842849	17.13
chr4,55531324,55531996	chr4,53248497,53249129	107.11
chr4,55531324,55531996	chr4,55493578,55495097	5.39
chr4,55531324,55531996	chr4,55642018,55642515	6.8
chr4,55531324,55531996	chr4,55707253,55707752	6.58
chr4,55531324,55531996	chr4,55885107,55885558	5.15
chr4,55531324,55531996	chr4,56223632,56224435	10.39
chr4,55531324,55531996	chr4,57345401,57345665	5.27
chr4,55531324,55531996	chr4,74353365,74353505	10.79
chr4,55531324,55531996	chr4,82393111,82393714	329.73
chr4,55531324,55531996	chr4,83263782,83265176	6.61
chr4,55531324,55531996	chr4,115011622,115012043	23.15
chr4,55531324,55531996	chr4,126982330,126982490	18.67
chr4,55531324,55531996	chr4,138912751,138913700	27.64
chr4,55531324,55531996	chr4,140261223,140261410	6.09
chr4,55531324,55531996	chr4,149222351,149222645	10.12
chr4,55531324,55531996	chr8,42124618,42125888	208.15
chr4,55531324,55531996	chr9,85342622,85343256	10.09
chr4,55531324,55531996	chrX,36687651,36689261	46.68
chr4,55531324,55531996	chrX,95049522,95049666	6.05
chr6,122339268,122340303	chr1,64302776,64304221	6.05
chr6,122339268,122340303	chr10,94012566,94012827	41.79
chr6,122339268,122340303	chr10,102385677,102386636	51.63
chr6,122339268,122340303	chr10,119150970,119151557	14.28
chr6,122339268,122340303	chr10,120244780,120245162	6.05
chr6,122339268,122340303	chr11,88278494,88279134	6.05
chr6,122339268,122340303	chr11,106433449,106433572	14.28
chr6,122339268,122340303	chr12,90915274,90915520	6.05
chr6,122339268,122340303	chr12,104008362,104008604	6.05
chr6,122339268,122340303	chr13,96292866,96292995	6.05
chr6,122339268,122340303	chr14,26787389,26787581	18.61
chr6,122339268,122340303	chr15,48586304,48586967	109.7
chr6,122339268,122340303	chr16,90526028,90526402	250.82
chr6,122339268,122340303	chr16,91040776,91041341	14.28
chr6,122339268,122340303	chr17,17539704,17540110	14.28
chr6,122339268,122340303	chr18,12175658,12175993	6.05
chr6,122339268,122340303	chr19,50318081,50318425	36.98
chr6,122339268,122340303	chr2,103139272,103139802	14.28
chr6,122339268,122340303	chr2,118851050,118851678	10.09
chr6,122339268,122340303	chr2,125036393,125036981	10.09
chr6,122339268,122340303	chr2,156716913,156718210	10.09
chr6,122339268,122340303	chr3,73126597,73126774	143.47
chr6,122339268,122340303	chr3,153603177,153603686	6.05
chr6,122339268,122340303	chr4,86812688,86812814	6.05
chr6,122339268,122340303	chr6,3477099,3477435	10.1
chr6,122339268,122340303	chr6,17303606,17303871	32.27
chr6,122339268,122340303	chr6,40247671,40248306	306.99
chr6,122339268,122340303	chr6,41075062,41076165	6.09
chr6,122339268,122340303	chr6,41180506,41181809	6.09
chr6,122339268,122340303	chr6,42344144,42344929	14.33
chr6,122339268,122340303	chr6,61247372,61247862	23.12
chr6,122339268,122340303	chr6,65970410,65970835	18.72
chr6,122339268,122340303	chr6,70589362,70590220	14.42
chr6,122339268,122340303	chr6,82436411,82436946	51.84
chr6,122339268,122340303	chr6,89089806,89090269	6.45
chr6,122339268,122340303	chr6,93890543,93891140	14.73
chr6,122339268,122340303	chr6,93896205,93896608	10.6
chr6,122339268,122340303	chr6,94794560,94794937	10.63
chr6,122339268,122340303	chr6,94894660,94896007	299.06
chr6,122339268,122340303	chr6,95713928,95714369	10.66
chr6,122339268,122340303	chr6,99214602,99214865	6.83
chr6,122339268,122340303	chr6,100875627,100878179	14.76
chr6,122339268,122340303	chr6,101193609,101194093	6.95
chr6,122339268,122340303	chr6,102455736,102456722	14.67
chr6,122339268,122340303	chr6,106758027,106758819	10.85
chr6,122339268,122340303	chr6,107033726,107034396	10.83
chr6,122339268,122340303	chr6,108814983,108815234	18.44
chr6,122339268,122340303	chr6,113439252,113439774	7.09
chr6,122339268,122340303	chr6,116902352,116902865	6.01
chr6,122339268,122340303	chr6,118603726,118603921	5.23
chr6,122339268,122340303	chr6,119030133,119030318	118.41
chr6,122339268,122340303	chr6,121278138,121278413	5.06
chr6,122339268,122340303	chr6,122244245,122244690	7.47
chr6,122339268,122340303	chr6,122382569,122382687	6.52
chr6,122339268,122340303	chr6,122675411,122676161	5.08
chr6,122339268,122340303	chr6,122740820,122740980	5.11
chr6,122339268,122340303	chr6,122849355,122850064	5.33
chr6,122339268,122340303	chr6,122856024,122856131	5.54
chr6,122339268,122340303	chr6,124068310,124068904	123.72
chr6,122339268,122340303	chr6,125131820,125132015	6.5
chr6,122339268,122340303	chr6,128598601,128599588	6.33
chr6,122339268,122340303	chr6,130379374,130379608	12.65
chr6,122339268,122340303	chr6,134829148,134829880	17.83
chr6,122339268,122340303	chr6,135297556,135297666	241
chr6,122339268,122340303	chr6,137531608,137532914	10.82
chr6,122339268,122340303	chr6,139578233,139578356	20.3
chr6,122339268,122340303	chr6,147048406,147048898	6.75
chr6,122339268,122340303	chrX,165666034,165666484	6.05
chr6,122707354,122707701	chr1,12803588,12804843	10.09
chr6,122707354,122707701	chr1,80621418,80621783	36.98
chr6,122707354,122707701	chr10,13712063,13713834	10.09
chr6,122707354,122707701	chr13,89868085,89868922	6.05
chr6,122707354,122707701	chr14,81920117,81920666	332.55
chr6,122707354,122707701	chr15,58060139,58060475	104.2
chr6,122707354,122707701	chr16,80587176,80588142	6.05
chr6,122707354,122707701	chr4,7019999,7020377	6.05
chr6,122707354,122707701	chr4,48128834,48129422	6.05
chr6,122707354,122707701	chr4,75975163,75975456	6.05
chr6,122707354,122707701	chr6,6883399,6883904	18.63
chr6,122707354,122707701	chr6,8319937,8320114	6.07
chr6,122707354,122707701	chr6,27937707,27938075	10.12
chr6,122707354,122707701	chr6,72244237,72244467	23.23
chr6,122707354,122707701	chr6,74689354,74690594	172.53
chr6,122707354,122707701	chr6,84953241,84953877	23.37
chr6,122707354,122707701	chr6,91789088,91789938	6.53
chr6,122707354,122707701	chr6,98074783,98075253	281.21
chr6,122707354,122707701	chr6,103914048,103914479	19.16
chr6,122707354,122707701	chr6,104059604,104059852	7.2
chr6,122707354,122707701	chr6,107478348,107478476	21.7
chr6,122707354,122707701	chr6,111632502,111633693	197.68
chr6,122707354,122707701	chr6,113874215,113874613	133.98
chr6,122707354,122707701	chr6,115355113,115355395	12.23
chr6,122707354,122707701	chr6,116958059,116958493	129.41
chr6,122707354,122707701	chr6,117711802,117712306	8.71
chr6,122707354,122707701	chr6,118011070,118011641	8.5
chr6,122707354,122707701	chr6,118181957,118182151	8.37
chr6,122707354,122707701	chr6,121627760,121627890	5.39
chr6,122707354,122707701	chr6,122411912,122413033	5
chr6,122707354,122707701	chr6,122901261,122901576	5.05
chr6,122707354,122707701	chr6,123216206,123216773	10.24
chr6,122707354,122707701	chr6,123294897,123296798	5.35
chr6,122707354,122707701	chr6,123891211,123891756	20.75
chr6,122707354,122707701	chr6,124106386,124107343	20.85
chr6,122707354,122707701	chr6,127107275,127108216	25.25
chr6,122707354,122707701	chr6,127185243,127186116	180.06
chr6,122707354,122707701	chr6,134197793,134198139	78.02
chr6,122707354,122707701	chr6,139551513,139551859	11.29
chr6,122707354,122707701	chr7,68622593,68623759	14.28
chr6,122707354,122707701	chr8,59401983,59402373	109.7
chr8,72317488,72319340	chr1,7166775,7167855	36.98
chr8,72317488,72319340	chr10,18575802,18576223	23.05
chr8,72317488,72319340	chr11,26835235,26835425	51.63
chr8,72317488,72319340	chr11,29222669,29222999	14.28
chr8,72317488,72319340	chr11,85506556,85506666	6.05
chr8,72317488,72319340	chr11,113455044,113456548	6.05
chr8,72317488,72319340	chr12,83558739,83559832	10.09
chr8,72317488,72319340	chr16,95437725,95438272	6.05
chr8,72317488,72319340	chr17,74714743,74714910	6.05
chr8,72317488,72319340	chr18,89449025,89449749	6.05
chr8,72317488,72319340	chr19,20717640,20719207	27.6
chr8,72317488,72319340	chr2,10297165,10297495	18.61
chr8,72317488,72319340	chr2,11389767,11390235	10.09
chr8,72317488,72319340	chr2,136508962,136509526	6.05
chr8,72317488,72319340	chr2,167930154,167930281	6.05
chr8,72317488,72319340	chr4,8800005,8800113	23.05
chr8,72317488,72319340	chr4,82372159,82372482	93.31
chr8,72317488,72319340	chr4,95701888,95702149	14.28
chr8,72317488,72319340	chr5,122449859,122450517	6.05
chr8,72317488,72319340	chr5,135867977,135868338	6.05
chr8,72317488,72319340	chr6,129093262,129093498	18.61
chr8,72317488,72319340	chr6,145185397,145185588	10.09
chr8,72317488,72319340	chr7,23892272,23894394	6.05
chr8,72317488,72319340	chr7,29295050,29295172	82.59
chr8,72317488,72319340	chr8,8047040,8047285	10.17
chr8,72317488,72319340	chr8,11655174,11655807	18.7
chr8,72317488,72319340	chr8,22464011,22465261	6.21
chr8,72317488,72319340	chr8,26559870,26560313	98.85
chr8,72317488,72319340	chr8,35105897,35106489	67.11
chr8,72317488,72319340	chr8,67273309,67273488	380.02
chr8,72317488,72319340	chr8,69087671,69087786	13.25
chr8,72317488,72319340	chr8,69240187,69240737	8.82
chr8,72317488,72319340	chr8,70730410,70731022	10.94
chr8,72317488,72319340	chr8,71633041,71633183	6.6
chr8,72317488,72319340	chr8,71754157,71754699	5.46
chr8,72317488,72319340	chr8,71955179,71955503	5.38
chr8,72317488,72319340	chr8,72092141,72092952	5.68
chr8,72317488,72319340	chr8,72265345,72266027	9.36
chr8,72317488,72319340	chr8,72483334,72483492	5.19
chr8,72317488,72319340	chr8,72577462,72578791	5.07
chr8,72317488,72319340	chr8,72581679,72582656	11.71
chr8,72317488,72319340	chr8,72654221,72654557	5.36
chr8,72317488,72319340	chr8,74243783,74244588	11.69
chr8,72317488,72319340	chr8,74291387,74291734	7.18
chr8,72317488,72319340	chr8,85442718,85442972	17.19
chr8,72317488,72319340	chr8,87955558,87956709	21.16
chr8,72317488,72319340	chr8,90110732,90111449	22.02
chr8,72317488,72319340	chr8,95927947,95928588	6.83
chr8,72317488,72319340	chr8,104392274,104392697	47.06
chr8,72317488,72319340	chr8,110662029,110662688	27.88
chr8,72317488,72319340	chr8,111753308,111753715	10.37
chr8,72317488,72319340	chr8,115101660,115102137	18.83
chr8,72317488,72319340	chr8,118317665,118318368	202.13
chr8,72317488,72319340	chr8,120494940,120496299	10.26
chr8,72317488,72319340	chr8,123986367,123986644	41.92
chr8,72317488,72319340	chr8,124563398,124564124	10.23
chr8,72317488,72319340	chr9,64932810,64933607	214.18
chr8,72317488,72319340	chr9,109095580,109095725	10.09
chr8,72317488,72319340	chrX,84070249,84070539	10.09
chr8,72317488,72319340	chrX,113831838,113831974	82.59
chr9,78368132,78368522	chr10,125758822,125759216	208.15
chr9,78368132,78368522	chr11,95388545,95389236	10.09
chr9,78368132,78368522	chr14,47161900,47162085	6.05
chr9,78368132,78368522	chr14,98949745,98950385	10.09
chr9,78368132,78368522	chr15,98758123,98758849	14.28
chr9,78368132,78368522	chr2,42371782,42372875	143.47
chr9,78368132,78368522	chr4,105675083,105675798	18.61
chr9,78368132,78368522	chr5,121932864,121932986	23.05
chr9,78368132,78368522	chr6,51595894,51596513	46.68
chr9,78368132,78368522	chr7,101135564,101136247	41.79
chr9,78368132,78368522	chr9,21862296,21863526	98.82
chr9,78368132,78368522	chr9,23792415,23792698	6.18
chr9,78368132,78368522	chr9,32351499,32352158	6.25
chr9,78368132,78368522	chr9,40328461,40329188	10.39
chr9,78368132,78368522	chr9,47236726,47237442	6.52
chr9,78368132,78368522	chr9,57562864,57563823	11.05
chr9,78368132,78368522	chr9,71735572,71735909	172.4
chr9,78368132,78368522	chr9,73461467,73461995	95.39
chr9,78368132,78368522	chr9,77898776,77899360	5.84
chr9,78368132,78368522	chr9,78037119,78037328	5.18
chr9,78368132,78368522	chr9,78094717,78095192	7.12
chr9,78368132,78368522	chr9,78429777,78432724	5.37
chr9,78368132,78368522	chr9,78474316,78474885	5.45
chr9,78368132,78368522	chr9,79331221,79332129	22.23
chr9,78368132,78368522	chr9,94587760,94588954	7.46
chr9,78368132,78368522	chr9,114384730,114385015	18.94
chr9,78368132,78368522	chr9,119759797,119760178	10.34
