chr1,118628128,118629090	chr1,58779516,58779673	11.06
chr1,118628128,118629090	chr1,59096217,59096754	29.15
chr1,118628128,118629090	chr1,62129457,62129709	6.89
chr1,118628128,118629090	chr1,91533536,91534143	7.4
chr1,118628128,118629090	chr1,91561762,91562238	29.68
chr1,118628128,118629090	chr1,92418616,92419520	15.96
chr1,118628128,118629090	chr1,98135603,98136405	7.8
chr1,118628128,118629090	chr1,103766130,103766289	30.65
chr1,118628128,118629090	chr1,105250573,105251425	17.08
chr1,118628128,118629090	chr1,106680369,106681419	17.27
chr1,118628128,118629090	chr1,110538295,110538547	5.74
chr1,118628128,118629090	chr1,112896798,112896967	9.73
chr1,118628128,118629090	chr1,113938307,113941051	13.82
chr1,118628128,118629090	chr1,114415150,114417178	6.53
chr1,118628128,118629090	chr1,118046057,118046447	5.68
chr1,118628128,118629090	chr1,118693844,118695057	5.08
chr1,118628128,118629090	chr1,118843601,118845040	6.22
chr1,118628128,118629090	chr1,119046057,119046445	5.61
chr1,118628128,118629090	chr1,119200967,119201124	7.63
chr1,118628128,118629090	chr1,119547631,119548007	5.36
chr1,118628128,118629090	chr1,120154823,120156455	5.06
chr1,118628128,118629090	chr1,120538069,120538958	6.46
chr1,118628128,118629090	chr1,121216685,121217198	12.68
chr1,118628128,118629090	chr1,121299967,121300362	16.87
chr1,118628128,118629090	chr1,121773521,121774046	17.36
chr1,118628128,118629090	chr1,122210974,122211553	25.55
chr1,118628128,118629090	chr1,123284848,123285306	13.78
chr1,118628128,118629090	chr1,124712689,124712994	9.78
chr1,118628128,118629090	chr1,131866974,131867663	21.49
chr1,118628128,118629090	chr1,132242726,132243270	8.58
chr1,118628128,118629090	chr1,134038000,134038119	35.36
chr1,118628128,118629090	chr1,135945286,135945581	12.28
chr1,118628128,118629090	chr1,136650532,136650931	21
chr1,118628128,118629090	chr1,138137004,138138036	16.4
chr1,118628128,118629090	chr1,140658062,140658871	20.67
chr1,118628128,118629090	chr1,145544134,145544371	7.41
chr1,118628128,118629090	chr1,153950909,153951205	20.13
chr1,118628128,118629090	chr1,154124740,154124841	7.13
chr1,118628128,118629090	chr1,157400874,157401042	11.25
chr1,118628128,118629090	chr1,159425637,159426982	20.03
chr1,118628128,118629090	chr1,165825040,165825501	29.24
chr1,118628128,118629090	chr1,166120068,166120539	15.48
chr1,118628128,118629090	chr1,169583037,169583492	64.34
chr1,118628128,118629090	chr1,174436970,174438219	29.17
chr1,118628128,118629090	chr1,194117644,194117947	24.26
chr1,118628128,118629090	chr11,6526832,6527838	19.76
chr1,118628128,118629090	chr11,42848999,42849385	6.76
chr1,118628128,118629090	chr12,102383261,102384568	29.04
chr1,118628128,118629090	chr12,106140561,106141046	10.95
chr1,118628128,118629090	chr13,96768244,96769309	19.76
chr1,118628128,118629090	chr13,103042113,103042798	6.76
chr1,118628128,118629090	chr19,40927931,40928313	6.76
chr1,118628128,118629090	chr19,56100346,56100700	15.29
chr1,118628128,118629090	chr2,11713152,11713729	19.76
chr1,118628128,118629090	chr2,49717446,49719000	15.29
chr1,118628128,118629090	chr3,65270939,65271299	19.76
chr1,118628128,118629090	chr5,147078502,147079202	6.76
chr1,118628128,118629090	chr6,104402500,104402847	10.95
chr1,118628128,118629090	chr8,15424101,15424205	15.29
chr11,100938874,100939386	chr1,37315306,37315742	15.29
chr11,100938874,100939386	chr10,68444370,68445217	43.67
chr11,100938874,100939386	chr11,60451112,60452063	20.02
chr11,100938874,100939386	chr11,61266957,61268015	7.05
chr11,100938874,100939386	chr11,68036375,68036571	11.37
chr11,100938874,100939386	chr11,76182217,76184464	34.54
chr11,100938874,100939386	chr11,78914275,78914456	39.55
chr11,100938874,100939386	chr11,86416115,86416952	19.83
chr11,100938874,100939386	chr11,87082646,87083002	16.12
chr11,100938874,100939386	chr11,90668130,90668451	60.02
chr11,100938874,100939386	chr11,97246957,97247551	10.57
chr11,100938874,100939386	chr11,98110559,98110769	9.63
chr11,100938874,100939386	chr11,98119305,98119860	7.84
chr11,100938874,100939386	chr11,99526823,99527888	5.79
chr11,100938874,100939386	chr11,100493643,100494047	5.16
chr11,100938874,100939386	chr11,100682374,100682866	5.97
chr11,100938874,100939386	chr11,100703607,100704035	5.71
chr11,100938874,100939386	chr11,101030485,101030934	5.09
chr11,100938874,100939386	chr11,101086883,101087246	5.07
chr11,100938874,100939386	chr11,101122875,101123015	5.27
chr11,100938874,100939386	chr11,101204893,101205896	5.19
chr11,100938874,100939386	chr11,101570502,101571558	6.27
chr11,100938874,100939386	chr11,109739478,109739804	8.5
chr11,100938874,100939386	chr11,113808671,113808813	19.07
chr11,100938874,100939386	chr11,115641951,115642302	26.29
chr11,100938874,100939386	chr11,116337666,116338192	12.3
chr11,100938874,100939386	chr11,121595701,121595859	11.93
chr11,100938874,100939386	chr12,78230130,78230376	6.76
chr11,100938874,100939386	chr13,32328092,32328256	48.7
chr11,100938874,100939386	chr13,33998931,33999643	10.95
chr11,100938874,100939386	chr13,38415363,38415607	19.76
chr11,100938874,100939386	chr14,106045063,106046150	10.95
chr11,100938874,100939386	chr15,79694262,79694649	91.11
chr11,100938874,100939386	chr15,89167210,89168240	33.83
chr11,100938874,100939386	chr15,98664082,98664623	33.83
chr11,100938874,100939386	chr16,14370196,14371900	38.71
chr11,100938874,100939386	chr16,19741576,19741855	19.76
chr11,100938874,100939386	chr16,50891067,50891500	33.83
chr11,100938874,100939386	chr17,27228930,27229032	24.35
chr11,100938874,100939386	chr18,24504689,24505291	10.95
chr11,100938874,100939386	chr19,56452991,56454540	6.76
chr11,100938874,100939386	chr2,57873808,57874137	6.76
chr11,100938874,100939386	chr2,166091314,166091518	33.83
chr11,100938874,100939386	chr2,170976568,170977246	6.76
chr11,100938874,100939386	chr3,27870070,27870253	6.76
chr11,100938874,100939386	chr3,87690940,87691211	43.67
chr11,100938874,100939386	chr3,102567954,102568594	24.35
chr11,100938874,100939386	chr3,118583921,118584622	24.35
chr11,100938874,100939386	chr4,34869153,34869849	74.81
chr11,100938874,100939386	chr4,43959263,43959583	19.76
chr11,100938874,100939386	chr4,107171143,107172445	15.29
chr11,100938874,100939386	chr5,34883054,34883213	10.95
chr11,100938874,100939386	chr5,103310993,103313632	53.8
chr11,100938874,100939386	chr5,137355098,137355534	19.76
chr11,100938874,100939386	chr5,143153612,143154078	24.35
chr11,100938874,100939386	chr6,58498316,58498547	19.76
chr11,100938874,100939386	chr6,148802278,148803838	24.35
chr11,100938874,100939386	chr7,16534154,16534849	6.76
chr11,100938874,100939386	chr8,80515409,80515542	10.95
chr11,100938874,100939386	chr8,119839262,119839897	33.83
chr11,100938874,100939386	chr9,59390909,59391374	64.19
chr12,86419274,86422913	chr1,89294265,89294662	53.8
chr12,86419274,86422913	chr1,133412673,133413080	10.95
chr12,86419274,86422913	chr1,186768508,186768735	29.04
chr12,86419274,86422913	chr10,66902922,66904431	107.82
chr12,86419274,86422913	chr11,42292633,42292987	6.76
chr12,86419274,86422913	chr11,59136621,59137196	102.21
chr12,86419274,86422913	chr11,70644764,70645086	80.19
chr12,86419274,86422913	chr11,108752598,108753679	15.29
chr12,86419274,86422913	chr12,4158994,4159297	15.33
chr12,86419274,86422913	chr12,5325147,5325375	15.33
chr12,86419274,86422913	chr12,10213963,10214262	43.72
chr12,86419274,86422913	chr12,14918600,14919018	15.35
chr12,86419274,86422913	chr12,18284344,18285710	33.9
chr12,86419274,86422913	chr12,24680704,24680875	69.54
chr12,86419274,86422913	chr12,26237349,26237498	11.05
chr12,86419274,86422913	chr12,28373946,28374603	15.39
chr12,86419274,86422913	chr12,32050290,32051390	6.89
chr12,86419274,86422913	chr12,40662115,40663345	6.96
chr12,86419274,86422913	chr12,40827691,40828140	19.94
chr12,86419274,86422913	chr12,44552025,44552488	189.83
chr12,86419274,86422913	chr12,45356458,45358425	48.9
chr12,86419274,86422913	chr12,49422673,49423399	64.41
chr12,86419274,86422913	chr12,52698999,52702315	39.04
chr12,86419274,86422913	chr12,54315851,54316346	24.43
chr12,86419274,86422913	chr12,56536473,56536710	7.26
chr12,86419274,86422913	chr12,57355693,57355822	96.8
chr12,86419274,86422913	chr12,57445350,57446508	24.2
chr12,86419274,86422913	chr12,62217420,62218550	44.22
chr12,86419274,86422913	chr12,62421408,62421691	19.62
chr12,86419274,86422913	chr12,64713370,64713696	113.19
chr12,86419274,86422913	chr12,67731579,67732664	18.11
chr12,86419274,86422913	chr12,68890267,68891001	85.38
chr12,86419274,86422913	chr12,69419941,69420454	25.59
chr12,86419274,86422913	chr12,69644904,69645040	106.72
chr12,86419274,86422913	chr12,70334705,70335729	14.15
chr12,86419274,86422913	chr12,70547293,70548009	16.79
chr12,86419274,86422913	chr12,70655928,70656790	14.03
chr12,86419274,86422913	chr12,70685898,70686301	14.02
chr12,86419274,86422913	chr12,73549151,73549707	12.68
chr12,86419274,86422913	chr12,74202166,74202902	113.94
chr12,86419274,86422913	chr12,75766162,75766305	11.37
chr12,86419274,86422913	chr12,77585230,77587547	8.3
chr12,86419274,86422913	chr12,79876725,79877109	13.69
chr12,86419274,86422913	chr12,80526622,80526923	6.34
chr12,86419274,86422913	chr12,80615255,80615454	10.02
chr12,86419274,86422913	chr12,81313395,81313952	11.2
chr12,86419274,86422913	chr12,81776438,81777137	5.38
chr12,86419274,86422913	chr12,82666273,82666575	9.42
chr12,86419274,86422913	chr12,83242520,83243222	12.49
chr12,86419274,86422913	chr12,84552773,84553189	5.6
chr12,86419274,86422913	chr12,84745669,84746055	10.85
chr12,86419274,86422913	chr12,85798928,85799141	5
chr12,86419274,86422913	chr12,85919529,85920489	5.29
chr12,86419274,86422913	chr12,85929056,85929474	6.79
chr12,86419274,86422913	chr12,86070287,86070653	5.99
chr12,86419274,86422913	chr12,86088574,86089024	6.38
chr12,86419274,86422913	chr12,86128791,86129046	5.11
chr12,86419274,86422913	chr12,86616262,86616862	5.27
chr12,86419274,86422913	chr12,86627999,86628350	6.17
chr12,86419274,86422913	chr12,86728520,86728898	5.12
chr12,86419274,86422913	chr12,89041754,89041874	5.48
chr12,86419274,86422913	chr12,91018527,91018707	10.26
chr12,86419274,86422913	chr12,91138851,91140175	15.31
chr12,86419274,86422913	chr12,91430075,91430648	17.16
chr12,86419274,86422913	chr12,94861821,94861980	8.06
chr12,86419274,86422913	chr12,95129885,95130603	8.23
chr12,86419274,86422913	chr12,96441052,96441371	10.95
chr12,86419274,86422913	chr12,98243152,98244035	25.08
chr12,86419274,86422913	chr12,98694619,98695602	12.35
chr12,86419274,86422913	chr12,102986000,102986577	39.5
chr12,86419274,86422913	chr12,103018337,103018508	19.89
chr12,86419274,86422913	chr12,103132481,103132922	19.96
chr12,86419274,86422913	chr12,104146163,104146532	54.3
chr12,86419274,86422913	chr12,104238380,104238624	7.75
chr12,86419274,86422913	chr12,104277493,104278776	26.88
chr12,86419274,86422913	chr12,104779674,104780198	54.32
chr12,86419274,86422913	chr12,105983558,105983682	44.34
chr12,86419274,86422913	chr12,106671756,106672098	11.58
chr12,86419274,86422913	chr12,108373145,108374608	64.59
chr12,86419274,86422913	chr12,108468135,108468337	15.55
chr12,86419274,86422913	chr12,112487522,112488070	34.38
chr12,86419274,86422913	chr12,113179235,113179494	11.5
chr12,86419274,86422913	chr12,113397252,113397547	34.35
chr12,86419274,86422913	chr12,117500397,117500982	34.23
chr12,86419274,86422913	chr12,117812018,117812505	54.13
chr12,86419274,86422913	chr12,117985729,117986170	24.52
chr12,86419274,86422913	chr12,118598908,118599110	69.73
chr12,86419274,86422913	chr13,31273193,31273402	43.67
chr12,86419274,86422913	chr13,51435028,51435290	19.76
chr12,86419274,86422913	chr13,99691210,99691427	24.35
chr12,86419274,86422913	chr14,56201973,56202898	102.21
chr12,86419274,86422913	chr15,16482137,16482552	6.76
chr12,86419274,86422913	chr15,31868973,31869292	10.95
chr12,86419274,86422913	chr16,89360959,89362989	48.7
chr12,86419274,86422913	chr16,93862983,93864064	15.29
chr12,86419274,86422913	chr16,96313200,96314033	19.76
chr12,86419274,86422913	chr17,83774166,83774918	29.04
chr12,86419274,86422913	chr18,26346885,26347132	24.35
chr12,86419274,86422913	chr18,43048546,43048712	53.8
chr12,86419274,86422913	chr19,6144949,6146041	85.63
chr12,86419274,86422913	chr19,22950017,22950159	19.76
chr12,86419274,86422913	chr19,25910334,25910680	53.8
chr12,86419274,86422913	chr19,34820307,34821727	15.29
chr12,86419274,86422913	chr19,40691173,40691623	24.35
chr12,86419274,86422913	chr2,49579214,49579342	58.96
chr12,86419274,86422913	chr2,78810421,78810582	10.95
chr12,86419274,86422913	chr2,115629222,115629647	24.35
chr12,86419274,86422913	chr2,167786281,167786701	6.76
chr12,86419274,86422913	chr2,181406031,181407231	29.04
chr12,86419274,86422913	chr3,28986455,28986926	24.35
chr12,86419274,86422913	chr3,129662756,129662870	124.88
chr12,86419274,86422913	chr4,33629865,33630047	177.85
chr12,86419274,86422913	chr4,34024690,34024866	154
chr12,86419274,86422913	chr4,75041254,75041687	96.64
chr12,86419274,86422913	chr4,149756150,149756576	15.29
chr12,86419274,86422913	chr5,20964091,20965019	29.04
chr12,86419274,86422913	chr5,133777806,133778773	38.71
chr12,86419274,86422913	chr5,134120288,134120754	124.88
chr12,86419274,86422913	chr5,146260809,146261043	58.96
chr12,86419274,86422913	chr6,28961991,28962544	15.29
chr12,86419274,86422913	chr6,38370937,38372385	15.29
chr12,86419274,86422913	chr6,57600146,57600407	107.82
chr12,86419274,86422913	chr7,75701780,75702280	15.29
chr12,86419274,86422913	chr7,117709627,117711559	33.83
chr12,86419274,86422913	chr7,119300134,119300400	43.67
chr12,86419274,86422913	chr7,140853863,140854105	130.64
chr12,86419274,86422913	chr7,142059293,142059688	10.95
chr12,86419274,86422913	chr7,144461896,144462182	48.7
chr12,86419274,86422913	chr8,34763937,34764717	43.67
chr12,86419274,86422913	chr8,68631199,68632025	80.19
chr12,86419274,86422913	chr9,94230799,94231486	6.76
chr12,86419274,86422913	chr9,104443116,104443793	165.87
chr12,86419274,86422913	chr9,123314351,123314880	102.21
chr15,7128930,7130283	chr10,90689001,90689322	15.29
chr15,7128930,7130283	chr14,20751352,20751885	29.04
chr15,7128930,7130283	chr15,3376943,3378092	7.58
chr15,7128930,7130283	chr15,3532080,3532285	5.21
chr15,7128930,7130283	chr15,3635057,3635515	5.13
chr15,7128930,7130283	chr15,3778087,3778683	10.88
chr15,7128930,7130283	chr15,4250102,4250848	5.54
chr15,7128930,7130283	chr15,7283093,7283565	5.27
chr15,7128930,7130283	chr15,7446863,7447015	5.06
chr15,7128930,7130283	chr15,7481344,7482308	5.2
chr15,7128930,7130283	chr15,7721480,7722048	6.6
chr15,7128930,7130283	chr15,10130905,10131445	6.56
chr15,7128930,7130283	chr15,12753323,12753590	14.56
chr15,7128930,7130283	chr15,12949342,12950052	8.45
chr15,7128930,7130283	chr15,13107411,13108392	10.26
chr15,7128930,7130283	chr15,17132775,17133438	8.32
chr15,7128930,7130283	chr15,21019839,21021047	21.69
chr15,7128930,7130283	chr15,23167799,23167995	19.66
chr15,7128930,7130283	chr15,24089746,24089916	16.13
chr15,7128930,7130283	chr15,26869293,26869699	34.81
chr15,7128930,7130283	chr15,39438991,39440085	15.71
chr15,7128930,7130283	chr15,41399088,41399445	15.67
chr15,7128930,7130283	chr15,54500170,54501056	11.13
chr15,7128930,7130283	chr15,57512293,57513057	19.92
chr15,7128930,7130283	chr15,57742631,57743289	6.92
chr15,7128930,7130283	chr15,60501854,60503123	6.9
chr15,7128930,7130283	chr15,62860112,62860509	19.88
chr15,7128930,7130283	chr15,66444126,66444848	11.06
chr15,7128930,7130283	chr15,67173209,67173533	24.59
chr15,7128930,7130283	chr15,68450121,68450319	6.86
chr15,7128930,7130283	chr15,72291196,72291664	15.37
chr15,7128930,7130283	chr15,73625505,73626150	33.91
chr15,7128930,7130283	chr15,74512982,74513622	6.84
chr15,7128930,7130283	chr15,84626207,84626722	11
chr15,7128930,7130283	chr15,88109761,88110613	24.43
chr15,7128930,7130283	chr15,103460775,103461026	6.8
chr15,7128930,7130283	chr17,73202824,73203460	15.29
chr15,7128930,7130283	chr18,9641844,9641946	24.35
chr15,7128930,7130283	chr18,81782499,81783469	10.95
chr15,7128930,7130283	chr19,26145634,26146793	15.29
chr15,7128930,7130283	chr19,29510460,29510575	19.76
chr15,7128930,7130283	chr19,43503003,43503194	24.35
chr15,7128930,7130283	chr2,37107323,37107556	19.76
chr15,7128930,7130283	chr4,19866830,19868042	38.71
chr15,7128930,7130283	chr4,45517193,45517388	19.76
chr15,7128930,7130283	chr4,81266501,81266616	6.76
chr15,7128930,7130283	chr4,98760119,98760273	24.35
chr15,7128930,7130283	chr6,6426291,6426743	38.71
chr15,7128930,7130283	chr6,91102622,91103236	29.04
chr15,7128930,7130283	chr8,8209954,8210613	6.76
chr15,7128930,7130283	chr8,114652309,114653151	10.95
chr15,7128930,7130283	chr9,29090770,29091136	33.83
chr15,7128930,7130283	chr9,29283310,29283871	33.83
chr15,7128930,7130283	chr9,60167996,60168105	29.04
chr15,7128930,7130283	chr9,77215904,77216596	19.76
chr16,10479663,10480580	chr1,175177318,175177846	85.63
chr16,10479663,10480580	chr10,106680155,106680540	80.19
chr16,10479663,10480580	chr10,125892636,125893380	33.83
chr16,10479663,10480580	chr11,76699813,76700132	96.64
chr16,10479663,10480580	chr12,56333006,56333324	6.76
chr16,10479663,10480580	chr12,108407693,108407859	80.19
chr16,10479663,10480580	chr13,6869781,6870834	107.82
chr16,10479663,10480580	chr13,74911932,74912675	15.29
chr16,10479663,10480580	chr13,96984097,96984953	6.76
chr16,10479663,10480580	chr14,18290448,18290723	15.29
chr16,10479663,10480580	chr14,111119524,111119802	159.92
chr16,10479663,10480580	chr15,40229752,40232565	74.81
chr16,10479663,10480580	chr15,41548458,41549380	10.95
chr16,10479663,10480580	chr15,79739305,79740330	96.64
chr16,10479663,10480580	chr15,88747658,88747834	102.21
chr16,10479663,10480580	chr16,3820847,3821261	7.09
chr16,10479663,10480580	chr16,4118969,4119264	108.65
chr16,10479663,10480580	chr16,5117824,5118175	25.19
chr16,10479663,10480580	chr16,5201605,5202252	16.49
chr16,10479663,10480580	chr16,7728015,7728873	8.38
chr16,10479663,10480580	chr16,8422293,8422667	8.44
chr16,10479663,10480580	chr16,8617325,8617700	5.96
chr16,10479663,10480580	chr16,8681335,8681809	8.97
chr16,10479663,10480580	chr16,8765127,8765342	5.26
chr16,10479663,10480580	chr16,9780151,9781499	7.98
chr16,10479663,10480580	chr16,10396611,10397005	5.04
chr16,10479663,10480580	chr16,10423704,10423861	5.6
chr16,10479663,10480580	chr16,10430200,10430453	5.07
chr16,10479663,10480580	chr16,10822384,10822499	5.71
chr16,10479663,10480580	chr16,11096046,11096796	7.08
chr16,10479663,10480580	chr16,11508212,11508580	9.88
chr16,10479663,10480580	chr16,12038677,12038796	7.35
chr16,10479663,10480580	chr16,12564137,12564358	7.45
chr16,10479663,10480580	chr16,13510651,13510805	5.58
chr16,10479663,10480580	chr16,13547488,13547727	5.61
chr16,10479663,10480580	chr16,16875863,16876173	18.94
chr16,10479663,10480580	chr16,17015357,17016564	17.54
chr16,10479663,10480580	chr16,17246938,17247684	14.44
chr16,10479663,10480580	chr16,23488762,23489441	26.43
chr16,10479663,10480580	chr16,29582353,29584695	11.98
chr16,10479663,10480580	chr16,30902189,30903691	29.99
chr16,10479663,10480580	chr16,33671217,33671702	154.19
chr16,10479663,10480580	chr16,34122002,34123311	7.56
chr16,10479663,10480580	chr16,36386705,36387579	20.35
chr16,10479663,10480580	chr16,37033856,37034534	142.53
chr16,10479663,10480580	chr16,38125014,38125270	49.23
chr16,10479663,10480580	chr16,38959916,38960619	75.26
chr16,10479663,10480580	chr16,40331081,40332351	119.47
chr16,10479663,10480580	chr16,58730859,58731636	24.67
chr16,10479663,10480580	chr16,63437309,63437838	53.93
chr16,10479663,10480580	chr16,63504607,63507154	107.93
chr16,10479663,10480580	chr16,76344287,76344561	19.84
chr16,10479663,10480580	chr16,90530016,90530886	6.81
chr16,10479663,10480580	chr16,96706986,96707747	10.99
chr16,10479663,10480580	chr16,97714295,97715238	33.87
chr16,10479663,10480580	chr17,24953491,24953772	29.04
chr16,10479663,10480580	chr18,21107005,21107995	53.8
chr16,10479663,10480580	chr18,38202688,38203265	58.96
chr16,10479663,10480580	chr18,38661826,38662617	85.63
chr16,10479663,10480580	chr19,43508333,43508658	33.83
chr16,10479663,10480580	chr2,3247503,3247996	48.7
chr16,10479663,10480580	chr2,90744806,90745487	53.8
chr16,10479663,10480580	chr2,104869712,104870053	10.95
chr16,10479663,10480580	chr2,180611049,180611409	171.84
chr16,10479663,10480580	chr4,122938668,122938888	74.81
chr16,10479663,10480580	chr5,43813987,43814743	53.8
chr16,10479663,10480580	chr5,53353025,53353238	24.35
chr16,10479663,10480580	chr5,105529115,105529654	113.47
chr16,10479663,10480580	chr5,129690353,129691368	24.35
chr16,10479663,10480580	chr5,149712063,149712279	43.67
chr16,10479663,10480580	chr6,8471843,8472049	24.35
chr16,10479663,10480580	chr6,17589238,17590886	124.88
chr16,10479663,10480580	chr6,56601184,56601376	53.8
chr16,10479663,10480580	chr9,10074161,10074910	33.83
chr16,10479663,10480580	chr9,20459127,20460627	10.95
chr16,10479663,10480580	chr9,21530362,21533010	48.7
chr16,10479663,10480580	chrX,112689084,112690469	38.71
chr16,10486858,10489086	chr1,6881326,6881769	24.35
chr16,10486858,10489086	chr1,9515621,9515809	102.21
chr16,10486858,10489086	chr1,60659736,60659856	15.29
chr16,10486858,10489086	chr1,74081876,74082384	15.29
chr16,10486858,10489086	chr1,126556590,126556705	43.67
chr16,10486858,10489086	chr1,135690745,135691174	29.04
chr16,10486858,10489086	chr1,155865549,155866119	6.76
chr16,10486858,10489086	chr1,156631069,156631397	38.71
chr16,10486858,10489086	chr1,157069712,157069902	124.88
chr16,10486858,10489086	chr10,44902089,44903382	10.95
chr16,10486858,10489086	chr10,65229453,65230384	19.76
chr16,10486858,10489086	chr11,27795888,27797288	80.19
chr16,10486858,10489086	chr11,61913762,61915574	64.19
chr16,10486858,10489086	chr11,64513855,64514610	10.95
chr16,10486858,10489086	chr11,79688329,79688896	19.76
chr16,10486858,10489086	chr12,107824223,107824608	38.71
chr16,10486858,10489086	chr13,79075322,79075679	102.21
chr16,10486858,10489086	chr13,92115432,92115809	43.67
chr16,10486858,10489086	chr14,32189503,32189861	80.19
chr16,10486858,10489086	chr14,70087799,70088374	189.93
chr16,10486858,10489086	chr15,15308337,15309103	10.95
chr16,10486858,10489086	chr15,27472875,27473978	29.04
chr16,10486858,10489086	chr15,51818004,51818497	43.67
chr16,10486858,10489086	chr15,82394240,82394657	6.76
chr16,10486858,10489086	chr15,100819906,100820065	80.19
chr16,10486858,10489086	chr16,3564531,3564749	14.12
chr16,10486858,10489086	chr16,4108305,4108793	8.4
chr16,10486858,10489086	chr16,5701943,5702139	11.15
chr16,10486858,10489086	chr16,6206959,6207291	5.3
chr16,10486858,10489086	chr16,8468858,8469293	6.47
chr16,10486858,10489086	chr16,9243263,9244480	7.83
chr16,10486858,10489086	chr16,10213243,10213829	6.27
chr16,10486858,10489086	chr16,10271953,10272533	5.58
chr16,10486858,10489086	chr16,10277251,10277432	5.19
chr16,10486858,10489086	chr16,10288378,10288500	5.02
chr16,10486858,10489086	chr16,10290924,10291212	5.66
chr16,10486858,10489086	chr16,10314100,10314438	5.06
chr16,10486858,10489086	chr16,10810164,10810969	5.18
chr16,10486858,10489086	chr16,10827670,10827816	5.88
chr16,10486858,10489086	chr16,11533336,11534075	5.69
chr16,10486858,10489086	chr16,13264938,13265399	10.56
chr16,10486858,10489086	chr16,13424870,13425829	5.74
chr16,10486858,10489086	chr16,13634576,13634769	11.91
chr16,10486858,10489086	chr16,15050782,15051797	13.96
chr16,10486858,10489086	chr16,15119076,15119181	9.98
chr16,10486858,10489086	chr16,16946307,16946981	16.87
chr16,10486858,10489086	chr16,17248803,17248955	6.18
chr16,10486858,10489086	chr16,17518985,17519168	21.94
chr16,10486858,10489086	chr16,18373193,18373343	11.36
chr16,10486858,10489086	chr16,18889306,18889870	73.09
chr16,10486858,10489086	chr16,20685198,20686020	17.28
chr16,10486858,10489086	chr16,24170277,24170514	62.96
chr16,10486858,10489086	chr16,25036084,25036247	19.53
chr16,10486858,10489086	chr16,25381467,25381929	7.37
chr16,10486858,10489086	chr16,29118667,29119348	69.32
chr16,10486858,10489086	chr16,32521915,32522421	21.4
chr16,10486858,10489086	chr16,33301085,33302863	15.16
chr16,10486858,10489086	chr16,35242902,35243413	11.44
chr16,10486858,10489086	chr16,38672971,38673241	29.5
chr16,10486858,10489086	chr16,45242996,45243212	38.99
chr16,10486858,10489086	chr16,45733051,45733246	159.65
chr16,10486858,10489086	chr16,52044247,52044679	43.86
chr16,10486858,10489086	chr16,52386999,52387747	91.19
chr16,10486858,10489086	chr16,57738485,57739086	48.83
chr16,10486858,10489086	chr16,78034754,78034861	59.02
chr16,10486858,10489086	chr16,94167297,94168029	48.73
chr16,10486858,10489086	chr16,97823348,97826260	53.83
chr16,10486858,10489086	chr16,97923769,97924196	29.08
chr16,10486858,10489086	chr17,7592138,7592754	19.76
chr16,10486858,10489086	chr17,34235428,34236493	43.67
chr16,10486858,10489086	chr17,76037103,76037274	10.95
chr16,10486858,10489086	chr17,89350237,89350798	80.19
chr16,10486858,10489086	chr18,7657574,7658609	58.96
chr16,10486858,10489086	chr18,10310343,10310693	10.95
chr16,10486858,10489086	chr18,53380341,53380512	43.67
chr16,10486858,10489086	chr18,71249000,71250048	15.29
chr16,10486858,10489086	chr19,41932516,41932914	74.81
chr16,10486858,10489086	chr2,127934730,127934864	24.35
chr16,10486858,10489086	chr2,150600257,150600744	43.67
chr16,10486858,10489086	chr3,51844745,51846752	6.76
chr16,10486858,10489086	chr3,111865706,111866536	24.35
chr16,10486858,10489086	chr3,133899485,133899694	6.76
chr16,10486858,10489086	chr4,14928659,14928864	102.21
chr16,10486858,10489086	chr4,83501609,83501791	29.04
chr16,10486858,10489086	chr4,136326243,136326872	96.64
chr16,10486858,10489086	chr4,150304871,150305036	48.7
chr16,10486858,10489086	chr5,29017233,29017935	19.76
chr16,10486858,10489086	chr5,31766854,31769232	10.95
chr16,10486858,10489086	chr5,118802381,118802882	64.19
chr16,10486858,10489086	chr5,122135818,122136533	107.82
chr16,10486858,10489086	chr5,146829470,146829876	85.63
chr16,10486858,10489086	chr6,17519263,17519608	107.82
chr16,10486858,10489086	chr6,108191115,108191407	15.29
chr16,10486858,10489086	chr6,111718374,111718752	10.95
chr16,10486858,10489086	chr6,112384742,112384911	29.04
chr16,10486858,10489086	chr6,120158334,120158442	80.19
chr16,10486858,10489086	chr6,145464779,145465474	6.76
chr16,10486858,10489086	chr7,5935773,5936195	6.76
chr16,10486858,10489086	chr7,20063809,20064301	33.83
chr16,10486858,10489086	chr7,44346628,44347008	6.76
chr16,10486858,10489086	chr7,65765736,65765995	64.19
chr16,10486858,10489086	chr8,35953119,35953275	24.35
chr16,10486858,10489086	chr8,84076006,84076253	6.76
chr16,10486858,10489086	chr8,129169456,129170228	43.67
chr16,10486858,10489086	chr9,15097085,15097310	91.11
chr16,10486858,10489086	chr9,44492939,44493309	48.7
chr16,10486858,10489086	chr9,46349410,46351172	19.76
chr16,10486858,10489086	chr9,96161928,96162544	6.76
chr16,10486858,10489086	chrX,74274824,74274982	136.43
chr16,10486858,10489086	chrX,157645484,157646037	10.95
chr16,10489551,10489878	chr1,5023532,5024130	6.76
chr16,10489551,10489878	chr1,13134287,13135176	91.11
chr16,10489551,10489878	chr1,36474736,36475069	38.71
chr16,10489551,10489878	chr1,159594318,159594585	6.76
chr16,10489551,10489878	chr10,8778440,8779206	107.82
chr16,10489551,10489878	chr10,38721627,38721834	107.82
chr16,10489551,10489878	chr10,72456022,72456327	29.04
chr16,10489551,10489878	chr11,55397678,55398563	58.96
chr16,10489551,10489878	chr11,62300800,62300995	102.21
chr16,10489551,10489878	chr11,72525165,72526321	43.67
chr16,10489551,10489878	chr12,3705302,3706143	38.71
chr16,10489551,10489878	chr13,46977004,46977727	6.76
chr16,10489551,10489878	chr13,91093811,91093983	38.71
chr16,10489551,10489878	chr14,34517827,34518321	189.93
chr16,10489551,10489878	chr14,60197488,60197853	19.76
chr16,10489551,10489878	chr15,6484822,6485152	48.7
chr16,10489551,10489878	chr15,9529364,9529601	58.96
chr16,10489551,10489878	chr15,40722827,40723321	43.67
chr16,10489551,10489878	chr15,57888684,57890053	136.43
chr16,10489551,10489878	chr15,97926888,97927567	19.76
chr16,10489551,10489878	chr16,5042859,5043120	12.6
chr16,10489551,10489878	chr16,8401897,8402283	8.51
chr16,10489551,10489878	chr16,8522630,8523022	12.2
chr16,10489551,10489878	chr16,8534857,8535710	7.67
chr16,10489551,10489878	chr16,8790918,8791135	5.13
chr16,10489551,10489878	chr16,8791406,8791729	16.77
chr16,10489551,10489878	chr16,10062362,10062669	5.8
chr16,10489551,10489878	chr16,10257726,10258215	5.2
chr16,10489551,10489878	chr16,10271453,10271595	5.18
chr16,10489551,10489878	chr16,10303816,10304658	6.27
chr16,10489551,10489878	chr16,10389212,10389331	5.45
chr16,10489551,10489878	chr16,10792957,10793332	5.39
chr16,10489551,10489878	chr16,10828677,10830145	7.18
chr16,10489551,10489878	chr16,10935775,10936280	5.51
chr16,10489551,10489878	chr16,10944565,10944698	5.62
chr16,10489551,10489878	chr16,11132519,11132718	6.6
chr16,10489551,10489878	chr16,11174651,11175204	5.5
chr16,10489551,10489878	chr16,11248096,11248197	5.98
chr16,10489551,10489878	chr16,11563189,11564979	5.23
chr16,10489551,10489878	chr16,11647385,11648564	5.55
chr16,10489551,10489878	chr16,12037243,12037901	12.74
chr16,10489551,10489878	chr16,13366917,13367076	6.29
chr16,10489551,10489878	chr16,13821570,13822291	22.6
chr16,10489551,10489878	chr16,13990010,13990994	6.31
chr16,10489551,10489878	chr16,14200142,14201335	9.37
chr16,10489551,10489878	chr16,14319895,14321494	19.67
chr16,10489551,10489878	chr16,17204298,17205169	16.27
chr16,10489551,10489878	chr16,18196470,18196858	271.41
chr16,10489551,10489878	chr16,18673087,18674047	14.91
chr16,10489551,10489878	chr16,21928565,21929067	54.22
chr16,10489551,10489878	chr16,22398371,22398767	227.66
chr16,10489551,10489878	chr16,24728318,24729110	39.84
chr16,10489551,10489878	chr16,26794840,26795175	85.91
chr16,10489551,10489878	chr16,29778748,29779851	96.95
chr16,10489551,10489878	chr16,33995522,33996059	15.94
chr16,10489551,10489878	chr16,35629517,35630287	20.24
chr16,10489551,10489878	chr16,37408347,37409289	69.92
chr16,10489551,10489878	chr16,37677047,37677335	15.84
chr16,10489551,10489878	chr16,38644563,38645164	59.42
chr16,10489551,10489878	chr16,41445260,41445514	208.13
chr16,10489551,10489878	chr16,43315215,43316347	15.69
chr16,10489551,10489878	chr16,43654757,43655383	64.52
chr16,10489551,10489878	chr16,44523345,44523875	154.11
chr16,10489551,10489878	chr16,45894343,45894721	64.48
chr16,10489551,10489878	chr16,46739830,46740468	34.15
chr16,10489551,10489878	chr16,56567259,56568126	43.85
chr16,10489551,10489878	chr16,57304833,57305228	48.87
chr16,10489551,10489878	chr16,60616685,60617350	48.84
chr16,10489551,10489878	chr16,84970285,84970487	142.29
chr16,10489551,10489878	chr16,85499549,85500185	29.1
chr16,10489551,10489878	chr16,90370744,90371705	136.46
chr16,10489551,10489878	chr16,92105249,92105731	19.81
chr16,10489551,10489878	chr16,95799932,95800449	24.24
chr16,10489551,10489878	chr18,7920582,7920701	43.67
chr16,10489551,10489878	chr18,36265162,36265566	154
chr16,10489551,10489878	chr18,39088873,39089802	130.64
chr16,10489551,10489878	chr19,5486514,5486805	10.95
chr16,10489551,10489878	chr19,36445568,36449780	107.82
chr16,10489551,10489878	chr2,126519755,126520551	6.76
chr16,10489551,10489878	chr2,156286940,156287423	15.29
chr16,10489551,10489878	chr4,43594000,43594535	43.67
chr16,10489551,10489878	chr4,46148287,46148704	10.95
chr16,10489551,10489878	chr4,50138503,50138909	24.35
chr16,10489551,10489878	chr4,110982051,110982231	19.76
chr16,10489551,10489878	chr4,150207750,150208994	10.95
chr16,10489551,10489878	chr5,8442941,8443627	91.11
chr16,10489551,10489878	chr5,28662276,28662564	43.67
chr16,10489551,10489878	chr5,29423530,29423963	38.71
chr16,10489551,10489878	chr5,81724097,81724444	6.76
chr16,10489551,10489878	chr5,91203825,91204717	29.04
chr16,10489551,10489878	chr6,6474226,6475044	48.7
chr16,10489551,10489878	chr6,25766565,25767470	220.57
chr16,10489551,10489878	chr6,34320141,34320371	58.96
chr16,10489551,10489878	chr6,48751875,48752055	19.76
chr16,10489551,10489878	chr6,134411589,134411864	74.81
chr16,10489551,10489878	chr6,137500947,137501234	6.76
chr16,10489551,10489878	chr7,21130767,21131076	6.76
chr16,10489551,10489878	chr7,28050681,28051232	29.04
chr16,10489551,10489878	chr7,82311962,82312369	10.95
chr16,10489551,10489878	chr7,138407688,138407963	24.35
chr16,10489551,10489878	chr8,119628404,119629166	15.29
chr16,10489551,10489878	chr8,122589494,122589674	80.19
chr16,10489551,10489878	chr9,30401920,30402440	38.71
chr16,10489551,10489878	chr9,33470320,33470566	15.29
chr16,10489551,10489878	chr9,35533810,35534256	19.76
chr16,10489551,10489878	chr9,47283108,47283782	24.35
chr16,10489551,10489878	chr9,79238635,79238843	24.35
chr16,10489551,10489878	chrX,17376805,17377295	43.67
chr16,10489551,10489878	chrX,50765194,50765750	85.63
chr2,168766420,168767218	chr1,89799350,89799586	80.19
chr2,168766420,168767218	chr1,171525491,171525736	19.76
chr2,168766420,168767218	chr1,173861276,173861674	15.29
chr2,168766420,168767218	chr10,117135462,117137576	19.76
chr2,168766420,168767218	chr11,108665777,108666100	19.76
chr2,168766420,168767218	chr12,61517634,61517899	10.95
chr2,168766420,168767218	chr12,81129531,81131478	6.76
chr2,168766420,168767218	chr13,43920875,43921055	24.35
chr2,168766420,168767218	chr13,46117670,46118058	6.76
chr2,168766420,168767218	chr13,49567265,49568041	15.29
chr2,168766420,168767218	chr13,104296319,104297292	6.76
chr2,168766420,168767218	chr15,10567313,10567721	74.81
chr2,168766420,168767218	chr15,67942875,67944895	10.95
chr2,168766420,168767218	chr15,68021439,68021930	6.76
chr2,168766420,168767218	chr16,34414943,34415687	10.95
chr2,168766420,168767218	chr18,41893596,41894202	38.71
chr2,168766420,168767218	chr18,54069256,54069515	15.29
chr2,168766420,168767218	chr18,56482500,56482619	6.76
chr2,168766420,168767218	chr18,58840246,58840828	10.95
chr2,168766420,168767218	chr19,44859387,44860294	6.76
chr2,168766420,168767218	chr2,31257084,31257482	15.3
chr2,168766420,168767218	chr2,52437270,52437519	29.06
chr2,168766420,168767218	chr2,68277714,68278175	19.79
chr2,168766420,168767218	chr2,73681460,73681993	19.79
chr2,168766420,168767218	chr2,76088279,76088731	15.32
chr2,168766420,168767218	chr2,80030250,80030667	48.74
chr2,168766420,168767218	chr2,90251825,90252011	25.64
chr2,168766420,168767218	chr2,92523194,92523497	6.82
chr2,168766420,168767218	chr2,104966685,104967055	59.05
chr2,168766420,168767218	chr2,107853504,107854023	80.28
chr2,168766420,168767218	chr2,109963950,109964346	69.57
chr2,168766420,168767218	chr2,112670625,112671350	33.96
chr2,168766420,168767218	chr2,117772098,117773411	119.28
chr2,168766420,168767218	chr2,124811342,124811671	11.17
chr2,168766420,168767218	chr2,125624307,125624945	7
chr2,168766420,168767218	chr2,126655958,126656846	7.01
chr2,168766420,168767218	chr2,127428293,127428399	48.94
chr2,168766420,168767218	chr2,128205483,128206053	15.55
chr2,168766420,168767218	chr2,130985965,130986170	11.26
chr2,168766420,168767218	chr2,131856640,131857169	7.1
chr2,168766420,168767218	chr2,139625746,139625902	15.82
chr2,168766420,168767218	chr2,141613600,141614672	15.9
chr2,168766420,168767218	chr2,145312138,145312841	44.42
chr2,168766420,168767218	chr2,146793750,146794303	11.84
chr2,168766420,168767218	chr2,150135529,150136135	59.95
chr2,168766420,168767218	chr2,150988219,150988640	30.23
chr2,168766420,168767218	chr2,153406864,153408946	23.69
chr2,168766420,168767218	chr2,154001321,154002045	40.11
chr2,168766420,168767218	chr2,155788498,155788663	75.81
chr2,168766420,168767218	chr2,157595162,157596125	12.17
chr2,168766420,168767218	chr2,159115020,159115129	8.64
chr2,168766420,168767218	chr2,159316158,159316827	16.76
chr2,168766420,168767218	chr2,160704350,160704583	19.86
chr2,168766420,168767218	chr2,162707220,162707388	9.45
chr2,168766420,168767218	chr2,163047912,163048022	12.66
chr2,168766420,168767218	chr2,163103942,163105564	14.29
chr2,168766420,168767218	chr2,165055694,165055851	10.72
chr2,168766420,168767218	chr2,165834322,165834511	10.91
chr2,168766420,168767218	chr2,166887451,166887661	5.6
chr2,168766420,168767218	chr2,167693517,167694856	5.69
chr2,168766420,168767218	chr2,167752867,167755294	5.9
chr2,168766420,168767218	chr2,168315014,168315280	5.51
chr2,168766420,168767218	chr2,168334545,168335012	5.34
chr2,168766420,168767218	chr2,168374060,168374372	5.01
chr2,168766420,168767218	chr2,168464208,168465056	6.44
chr2,168766420,168767218	chr2,168653599,168653783	5.7
chr2,168766420,168767218	chr2,169035916,169036321	5.81
chr2,168766420,168767218	chr2,169078151,169079676	6.13
chr2,168766420,168767218	chr2,169113229,169113470	5.29
chr2,168766420,168767218	chr2,169365768,169365906	5.38
chr2,168766420,168767218	chr2,169532480,169532827	8.05
chr2,168766420,168767218	chr2,170138168,170138683	8.4
chr2,168766420,168767218	chr2,170691607,170693275	9.15
chr2,168766420,168767218	chr2,170929378,170930056	9.99
chr2,168766420,168767218	chr2,171341213,171341548	13.77
chr2,168766420,168767218	chr2,172429033,172429507	14.05
chr2,168766420,168767218	chr2,172897288,172898255	15.4
chr2,168766420,168767218	chr2,173356047,173356371	12.43
chr2,168766420,168767218	chr2,174472235,174472626	21.12
chr2,168766420,168767218	chr2,174761920,174762582	18.35
chr2,168766420,168767218	chr2,174864713,174865287	7.54
chr2,168766420,168767218	chr2,177924084,177924382	26.05
chr2,168766420,168767218	chr2,178093409,178094113	54.88
chr2,168766420,168767218	chr2,178502731,178503138	5.13
chr2,168766420,168767218	chr2,179787845,179788381	18
chr2,168766420,168767218	chr2,179822134,179822855	8.66
chr2,168766420,168767218	chr2,180124935,180125204	8.64
chr2,168766420,168767218	chr2,180756337,180756565	18.65
chr2,168766420,168767218	chr2,181447289,181447888	19.06
chr2,168766420,168767218	chr3,83855191,83855335	91.11
chr2,168766420,168767218	chr3,137027944,137029120	6.76
chr2,168766420,168767218	chr3,145821604,145821732	6.76
chr2,168766420,168767218	chr4,134498630,134499977	29.04
chr2,168766420,168767218	chr4,149074505,149075057	24.35
chr2,168766420,168767218	chr4,155614968,155615350	33.83
chr2,168766420,168767218	chr5,100079289,100079860	15.29
chr2,168766420,168767218	chr5,123460393,123460984	19.76
chr2,168766420,168767218	chr5,133786676,133787349	74.81
chr2,168766420,168767218	chr5,136239630,136240104	6.76
chr2,168766420,168767218	chr5,146134850,146136240	15.29
chr2,168766420,168767218	chr6,143292605,143292909	19.76
chr2,168766420,168767218	chr7,12734753,12734951	29.04
chr2,168766420,168767218	chr7,17085284,17086143	10.95
chr2,168766420,168767218	chr7,111276139,111276757	38.71
chr2,168766420,168767218	chr7,118874079,118874278	6.76
chr2,168766420,168767218	chr7,125517015,125517688	6.76
chr2,168766420,168767218	chr7,131281187,131281524	64.19
chr2,168766420,168767218	chr7,140398725,140400083	6.76
chr2,168766420,168767218	chr8,24651465,24651913	10.95
chr2,168766420,168767218	chrX,22282603,22282859	10.95
chr3,34648729,34650279	chr1,190451410,190451521	43.67
chr3,34648729,34650279	chr10,30081149,30081637	10.95
chr3,34648729,34650279	chr11,24764830,24765997	24.35
chr3,34648729,34650279	chr11,66946091,66946329	10.95
chr3,34648729,34650279	chr11,112280379,112280723	33.83
chr3,34648729,34650279	chr11,116579428,116579654	24.35
chr3,34648729,34650279	chr14,45149604,45149948	10.95
chr3,34648729,34650279	chr14,46566941,46568072	19.76
chr3,34648729,34650279	chr15,17589427,17589664	53.8
chr3,34648729,34650279	chr15,40786479,40786642	6.76
chr3,34648729,34650279	chr15,91577034,91577188	58.96
chr3,34648729,34650279	chr16,29586302,29586551	10.95
chr3,34648729,34650279	chr16,50103808,50104151	6.76
chr3,34648729,34650279	chr16,87796576,87796970	6.76
chr3,34648729,34650279	chr17,73154162,73154599	53.8
chr3,34648729,34650279	chr18,23168017,23168299	6.76
chr3,34648729,34650279	chr19,58926349,58926734	107.82
chr3,34648729,34650279	chr2,41013991,41014290	58.96
chr3,34648729,34650279	chr2,118289939,118290071	19.76
chr3,34648729,34650279	chr3,5852694,5853143	24.85
chr3,34648729,34650279	chr3,13916435,13917234	39.64
chr3,34648729,34650279	chr3,17150315,17151674	8.04
chr3,34648729,34650279	chr3,26164866,26165101	8.51
chr3,34648729,34650279	chr3,26581785,26581909	19.97
chr3,34648729,34650279	chr3,27701623,27703470	5.39
chr3,34648729,34650279	chr3,29475440,29476292	13.55
chr3,34648729,34650279	chr3,29790791,29793045	8.4
chr3,34648729,34650279	chr3,30518265,30519323	14.22
chr3,34648729,34650279	chr3,31408104,31408842	7.7
chr3,34648729,34650279	chr3,31721488,31721692	9.12
chr3,34648729,34650279	chr3,31816863,31816990	6.14
chr3,34648729,34650279	chr3,32218006,32218315	9.54
chr3,34648729,34650279	chr3,32355700,32356177	10.53
chr3,34648729,34650279	chr3,32583559,32583901	10.32
chr3,34648729,34650279	chr3,32585487,32587128	6.57
chr3,34648729,34650279	chr3,32708055,32708188	7.54
chr3,34648729,34650279	chr3,32752714,32753289	9.11
chr3,34648729,34650279	chr3,32949216,32949835	5.39
chr3,34648729,34650279	chr3,33409346,33409668	5.24
chr3,34648729,34650279	chr3,33828963,33829769	5.25
chr3,34648729,34650279	chr3,34002467,34002833	5.21
chr3,34648729,34650279	chr3,34271175,34271426	5.62
chr3,34648729,34650279	chr3,34484227,34484741	5.15
chr3,34648729,34650279	chr3,34529306,34530037	5.19
chr3,34648729,34650279	chr3,34821652,34821754	5.94
chr3,34648729,34650279	chr3,34914182,34914408	5.09
chr3,34648729,34650279	chr3,35136852,35137206	6.02
chr3,34648729,34650279	chr3,35486417,35486697	8.34
chr3,34648729,34650279	chr3,35506571,35506960	5.76
chr3,34648729,34650279	chr3,35720433,35720633	5.72
chr3,34648729,34650279	chr3,36402525,36403192	7.08
chr3,34648729,34650279	chr3,36432892,36433094	5.5
chr3,34648729,34650279	chr3,36649448,36649866	5.81
chr3,34648729,34650279	chr3,37429625,37430992	13.97
chr3,34648729,34650279	chr3,38674447,38674666	10.14
chr3,34648729,34650279	chr3,39483337,39483654	5.03
chr3,34648729,34650279	chr3,39502082,39503442	17.46
chr3,34648729,34650279	chr3,40421997,40422459	11.04
chr3,34648729,34650279	chr3,41603793,41603979	16.31
chr3,34648729,34650279	chr3,47611423,47611617	8.52
chr3,34648729,34650279	chr3,54735112,54735901	11.97
chr3,34648729,34650279	chr3,57940359,57940860	34.62
chr3,34648729,34650279	chr3,58480580,58481269	7.56
chr3,34648729,34650279	chr3,59278309,59279232	24.88
chr3,34648729,34650279	chr3,61292681,61293589	54.39
chr3,34648729,34650279	chr3,78271297,78271420	11.18
chr3,34648729,34650279	chr3,87495814,87496633	19.9
chr3,34648729,34650279	chr3,89658306,89658466	6.9
chr3,34648729,34650279	chr3,91207596,91207837	48.81
chr3,34648729,34650279	chr3,99136385,99136711	11.04
chr3,34648729,34650279	chr3,109420882,109421020	24.44
chr3,34648729,34650279	chr3,118020031,118020246	43.71
chr3,34648729,34650279	chr3,139866564,139867320	6.79
chr3,34648729,34650279	chr3,152090195,152091012	15.31
chr3,34648729,34650279	chr3,157608576,157609056	33.85
chr3,34648729,34650279	chr4,123579390,123579604	58.96
chr3,34648729,34650279	chr5,8281307,8281663	6.76
chr3,34648729,34650279	chr5,36766049,36766256	15.29
chr3,34648729,34650279	chr5,40119346,40119457	10.95
chr3,34648729,34650279	chr5,62557983,62559824	29.04
chr3,34648729,34650279	chr6,42212355,42213896	10.95
chr3,34648729,34650279	chr6,130950561,130950791	10.95
chr3,34648729,34650279	chr7,56491905,56492324	24.35
chr3,34648729,34650279	chr7,105520891,105521256	15.29
chr3,34648729,34650279	chr8,115826291,115826680	6.76
chr4,55531324,55531996	chr1,9887852,9888696	6.76
chr4,55531324,55531996	chr1,29914231,29915129	19.76
chr4,55531324,55531996	chr1,49709252,49710250	10.95
chr4,55531324,55531996	chr1,64258115,64258772	6.76
chr4,55531324,55531996	chr10,47313587,47313806	24.35
chr4,55531324,55531996	chr10,84843893,84844462	19.76
chr4,55531324,55531996	chr10,119135942,119136424	15.29
chr4,55531324,55531996	chr12,21347648,21348047	15.29
chr4,55531324,55531996	chr13,110037798,110038445	15.29
chr4,55531324,55531996	chr14,21741867,21742364	33.83
chr4,55531324,55531996	chr14,105700543,105700780	10.95
chr4,55531324,55531996	chr16,33180007,33180151	19.76
chr4,55531324,55531996	chr17,66649229,66649638	29.04
chr4,55531324,55531996	chr3,24430904,24431689	15.29
chr4,55531324,55531996	chr4,6866639,6867650	6.94
chr4,55531324,55531996	chr4,8868660,8868848	24.31
chr4,55531324,55531996	chr4,31909432,31910089	7.57
chr4,55531324,55531996	chr4,32720923,32721047	16.12
chr4,55531324,55531996	chr4,35985382,35985576	20.74
chr4,55531324,55531996	chr4,41639869,41640552	23.9
chr4,55531324,55531996	chr4,44102851,44103148	12.58
chr4,55531324,55531996	chr4,45605265,45605414	18.21
chr4,55531324,55531996	chr4,45841959,45842849	60.37
chr4,55531324,55531996	chr4,46522623,46523354	5.34
chr4,55531324,55531996	chr4,54853979,54854813	5.49
chr4,55531324,55531996	chr4,55393602,55394037	5.23
chr4,55531324,55531996	chr4,55394947,55396612	5.33
chr4,55531324,55531996	chr4,55421752,55421992	5.01
chr4,55531324,55531996	chr4,55645528,55646374	5.03
chr4,55531324,55531996	chr4,55648857,55649133	5.45
chr4,55531324,55531996	chr4,55662633,55663039	5.1
chr4,55531324,55531996	chr4,55664521,55664891	5.1
chr4,55531324,55531996	chr4,55770918,55771124	5.38
chr4,55531324,55531996	chr4,55819401,55819753	6.87
chr4,55531324,55531996	chr4,55859837,55860069	5.01
chr4,55531324,55531996	chr4,55885107,55885558	6.95
chr4,55531324,55531996	chr4,56130373,56130592	5.01
chr4,55531324,55531996	chr4,56362491,56362802	6.37
chr4,55531324,55531996	chr4,56420892,56421352	5.61
chr4,55531324,55531996	chr4,56507244,56507585	5.04
chr4,55531324,55531996	chr4,56743966,56744382	5.6
chr4,55531324,55531996	chr4,57345401,57345665	5.38
chr4,55531324,55531996	chr4,57412502,57412618	5.46
chr4,55531324,55531996	chr4,63331078,63332105	18.57
chr4,55531324,55531996	chr4,74353365,74353505	20.77
chr4,55531324,55531996	chr4,82393111,82393714	15.92
chr4,55531324,55531996	chr4,83263782,83265176	7.37
chr4,55531324,55531996	chr4,88232219,88232503	7.2
chr4,55531324,55531996	chr4,89912166,89912484	11.34
chr4,55531324,55531996	chr4,108873374,108873772	6.91
chr4,55531324,55531996	chr4,115011622,115012043	24.31
chr4,55531324,55531996	chr4,117073469,117074790	11.05
chr4,55531324,55531996	chr4,119339240,119339396	19.85
chr4,55531324,55531996	chr4,125292347,125292471	19.83
chr4,55531324,55531996	chr4,126982330,126982490	24.35
chr4,55531324,55531996	chr4,138912751,138913700	15.33
chr4,55531324,55531996	chr4,143245540,143246585	10.99
chr4,55531324,55531996	chr4,149222351,149222645	15.32
chr4,55531324,55531996	chr5,25890634,25891517	6.76
chr4,55531324,55531996	chr8,42124618,42125888	15.29
chr4,55531324,55531996	chr8,107074145,107074408	15.29
chr4,55531324,55531996	chr8,108582343,108583299	10.95
chr4,55531324,55531996	chr9,85342622,85343256	10.95
chr4,55531324,55531996	chr9,107300099,107300515	6.76
chr4,55531324,55531996	chrX,95049522,95049666	33.83
chr6,122339268,122340303	chr1,64302776,64304221	48.7
chr6,122339268,122340303	chr10,52248108,52248559	6.76
chr6,122339268,122340303	chr10,64365018,64365287	10.95
chr6,122339268,122340303	chr10,76883153,76884034	53.8
chr6,122339268,122340303	chr10,94012566,94012827	69.47
chr6,122339268,122340303	chr10,102385677,102386636	19.76
chr6,122339268,122340303	chr10,119150970,119151557	15.29
chr6,122339268,122340303	chr11,77343086,77343244	19.76
chr6,122339268,122340303	chr11,83451447,83452290	6.76
chr6,122339268,122340303	chr11,88278494,88279134	29.04
chr6,122339268,122340303	chr12,90915274,90915520	48.7
chr6,122339268,122340303	chr12,104008362,104008604	6.76
chr6,122339268,122340303	chr13,96292866,96292995	6.76
chr6,122339268,122340303	chr15,46119714,46120060	38.71
chr6,122339268,122340303	chr15,57089691,57089807	24.35
chr6,122339268,122340303	chr15,61528673,61529232	6.76
chr6,122339268,122340303	chr16,90526028,90526402	10.95
chr6,122339268,122340303	chr16,91040776,91041341	15.29
chr6,122339268,122340303	chr17,7833423,7833832	6.76
chr6,122339268,122340303	chr17,17539704,17540110	10.95
chr6,122339268,122340303	chr17,74590391,74590646	48.7
chr6,122339268,122340303	chr17,87086760,87086983	10.95
chr6,122339268,122340303	chr17,91212124,91214434	33.83
chr6,122339268,122340303	chr19,50318081,50318425	96.64
chr6,122339268,122340303	chr2,103139272,103139802	29.04
chr6,122339268,122340303	chr2,118851050,118851678	43.67
chr6,122339268,122340303	chr2,125036393,125036981	29.04
chr6,122339268,122340303	chr2,156716913,156718210	29.04
chr6,122339268,122340303	chr2,168264854,168264995	29.04
chr6,122339268,122340303	chr3,38234129,38234538	43.67
chr6,122339268,122340303	chr3,94473886,94474040	10.95
chr6,122339268,122340303	chr3,121102540,121103242	15.29
chr6,122339268,122340303	chr3,131196422,131196667	15.29
chr6,122339268,122340303	chr3,153603177,153603686	58.96
chr6,122339268,122340303	chr4,7172769,7174315	10.95
chr6,122339268,122340303	chr4,86812688,86812814	10.95
chr6,122339268,122340303	chr6,3477099,3477435	10.97
chr6,122339268,122340303	chr6,17303606,17303871	38.74
chr6,122339268,122340303	chr6,24923974,24924788	6.79
chr6,122339268,122340303	chr6,29090119,29090641	15.32
chr6,122339268,122340303	chr6,33304915,33305297	69.51
chr6,122339268,122340303	chr6,36915762,36916319	6.81
chr6,122339268,122340303	chr6,40247671,40248306	43.72
chr6,122339268,122340303	chr6,41867544,41868113	6.81
chr6,122339268,122340303	chr6,47900997,47901450	38.77
chr6,122339268,122340303	chr6,56876952,56877608	53.88
chr6,122339268,122340303	chr6,61247372,61247862	19.86
chr6,122339268,122340303	chr6,65970410,65970835	43.79
chr6,122339268,122340303	chr6,66971744,66972007	15.42
chr6,122339268,122340303	chr6,70589362,70590220	29.2
chr6,122339268,122340303	chr6,74927869,74928445	15.48
chr6,122339268,122340303	chr6,83169468,83169707	34.12
chr6,122339268,122340303	chr6,83186909,83187258	11.24
chr6,122339268,122340303	chr6,84320100,84320387	7.08
chr6,122339268,122340303	chr6,89089806,89090269	44.07
chr6,122339268,122340303	chr6,89420116,89420465	7.19
chr6,122339268,122340303	chr6,89431535,89431679	44.08
chr6,122339268,122340303	chr6,92253870,92254038	20.27
chr6,122339268,122340303	chr6,94794560,94794937	7.38
chr6,122339268,122340303	chr6,95713928,95714369	24.95
chr6,122339268,122340303	chr6,95912906,95913390	24.96
chr6,122339268,122340303	chr6,96009320,96009484	44.31
chr6,122339268,122340303	chr6,96035129,96035463	7.43
chr6,122339268,122340303	chr6,100875627,100878179	25.09
chr6,122339268,122340303	chr6,102455736,102456722	25.22
chr6,122339268,122340303	chr6,106758027,106758819	65.49
chr6,122339268,122340303	chr6,107033726,107034396	8.31
chr6,122339268,122340303	chr6,108704315,108704673	8.53
chr6,122339268,122340303	chr6,108814983,108815234	16.76
chr6,122339268,122340303	chr6,112980153,112981544	5.33
chr6,122339268,122340303	chr6,113743732,113744255	25.63
chr6,122339268,122340303	chr6,116902352,116902865	8.23
chr6,122339268,122340303	chr6,117431129,117431487	16.86
chr6,122339268,122340303	chr6,117706617,117708303	24.46
chr6,122339268,122340303	chr6,118603726,118603921	8.42
chr6,122339268,122340303	chr6,119079609,119079752	6.5
chr6,122339268,122340303	chr6,119377103,119377765	27.08
chr6,122339268,122340303	chr6,119777300,119778264	20.16
chr6,122339268,122340303	chr6,120264950,120265370	5.3
chr6,122339268,122340303	chr6,120669583,120669819	5.58
chr6,122339268,122340303	chr6,121171051,121171676	8.69
chr6,122339268,122340303	chr6,121271042,121271929	7.27
chr6,122339268,122340303	chr6,121409878,121410744	6.95
chr6,122339268,122340303	chr6,121458492,121459553	5.27
chr6,122339268,122340303	chr6,121779979,121780693	5.7
chr6,122339268,122340303	chr6,121793399,121793757	7.72
chr6,122339268,122340303	chr6,122258163,122259046	5.38
chr6,122339268,122340303	chr6,122580230,122580438	6.51
chr6,122339268,122340303	chr6,122645770,122646010	5.51
chr6,122339268,122340303	chr6,122675411,122676161	6.21
chr6,122339268,122340303	chr6,122849355,122850064	6.3
chr6,122339268,122340303	chr6,122856024,122856131	5.45
chr6,122339268,122340303	chr6,124105566,124106182	7.08
chr6,122339268,122340303	chr6,124600695,124601092	6.41
chr6,122339268,122340303	chr6,124660332,124661188	5.55
chr6,122339268,122340303	chr6,124690116,124691095	10.17
chr6,122339268,122340303	chr6,125131820,125132015	6.03
chr6,122339268,122340303	chr6,125539745,125539867	7.73
chr6,122339268,122340303	chr6,128598601,128599588	13.18
chr6,122339268,122340303	chr6,130379374,130379608	9.08
chr6,122339268,122340303	chr6,133908323,133908454	16.58
chr6,122339268,122340303	chr6,134829148,134829880	16.72
chr6,122339268,122340303	chr6,135536306,135537286	55.38
chr6,122339268,122340303	chr6,136191454,136192910	30.71
chr6,122339268,122340303	chr6,136399672,136400861	12.59
chr6,122339268,122340303	chr6,137531608,137532914	76.08
chr6,122339268,122340303	chr6,137813071,137813183	20.95
chr6,122339268,122340303	chr6,137919252,137920215	16.68
chr6,122339268,122340303	chr6,139578233,139578356	55.01
chr6,122339268,122340303	chr6,141113626,141114690	12.11
chr6,122339268,122340303	chr6,142510633,142510920	39.72
chr6,122339268,122340303	chr6,142996552,142997269	25.32
chr6,122339268,122340303	chr6,145332448,145333227	7.62
chr6,122339268,122340303	chr6,145345277,145345811	7.62
chr6,122339268,122340303	chr6,145702219,145702870	16.1
chr6,122339268,122340303	chr6,147048406,147048898	7.51
chr6,122339268,122340303	chr6,148211528,148211756	39.38
chr6,122339268,122340303	chr9,47080397,47080545	10.95
chr6,122339268,122340303	chrX,165666034,165666484	6.76
chr6,122707354,122707701	chr1,80621418,80621783	43.67
chr6,122707354,122707701	chr10,13712063,13713834	10.95
chr6,122707354,122707701	chr10,87364858,87365056	6.76
chr6,122707354,122707701	chr13,12313423,12314057	38.71
chr6,122707354,122707701	chr14,81920117,81920666	6.76
chr6,122707354,122707701	chr16,80587176,80588142	24.35
chr6,122707354,122707701	chr3,10971959,10972617	15.29
chr6,122707354,122707701	chr4,75975163,75975456	53.8
chr6,122707354,122707701	chr6,6883399,6883904	38.73
chr6,122707354,122707701	chr6,8319937,8320114	6.78
chr6,122707354,122707701	chr6,12848461,12848739	19.78
chr6,122707354,122707701	chr6,48460722,48460840	24.35
chr6,122707354,122707701	chr6,48905525,48905859	43.73
chr6,122707354,122707701	chr6,54035878,54036383	33.91
chr6,122707354,122707701	chr6,58777934,58778124	59.05
chr6,122707354,122707701	chr6,61848274,61849205	38.81
chr6,122707354,122707701	chr6,72244237,72244467	15.45
chr6,122707354,122707701	chr6,74689354,74690594	6.95
chr6,122707354,122707701	chr6,76839323,76839937	11.15
chr6,122707354,122707701	chr6,84953241,84953877	20.07
chr6,122707354,122707701	chr6,91789088,91789938	20.24
chr6,122707354,122707701	chr6,98074783,98075253	7.52
chr6,122707354,122707701	chr6,98514181,98514535	16.06
chr6,122707354,122707701	chr6,103914048,103914479	20.88
chr6,122707354,122707701	chr6,107013286,107013862	21.07
chr6,122707354,122707701	chr6,107478348,107478476	40.2
chr6,122707354,122707701	chr6,108522516,108522959	16.84
chr6,122707354,122707701	chr6,111306848,111307109	26.85
chr6,122707354,122707701	chr6,111337564,111337980	8.89
chr6,122707354,122707701	chr6,113874215,113874613	9.22
chr6,122707354,122707701	chr6,114235991,114236322	23.76
chr6,122707354,122707701	chr6,115355113,115355395	14.79
chr6,122707354,122707701	chr6,117711802,117712306	8.3
chr6,122707354,122707701	chr6,118011070,118011641	10
chr6,122707354,122707701	chr6,118181957,118182151	9.81
chr6,122707354,122707701	chr6,120604370,120605063	8.28
chr6,122707354,122707701	chr6,120721409,120721804	5.49
chr6,122707354,122707701	chr6,122449122,122449250	5.21
chr6,122707354,122707701	chr6,122802676,122803896	5.19
chr6,122707354,122707701	chr6,122901261,122901576	5.73
chr6,122707354,122707701	chr6,122928576,122928976	6.51
chr6,122707354,122707701	chr6,122942914,122943157	5.18
chr6,122707354,122707701	chr6,122964763,122965137	5.02
chr6,122707354,122707701	chr6,123891211,123891756	5.75
chr6,122707354,122707701	chr6,124106386,124107343	7.17
chr6,122707354,122707701	chr6,124390770,124390944	5.89
chr6,122707354,122707701	chr6,125745064,125745657	6.62
chr6,122707354,122707701	chr6,128070375,128071117	20.57
chr6,122707354,122707701	chr6,131423681,131424038	5.5
chr6,122707354,122707701	chr6,139551513,139551859	12.31
chr6,122707354,122707701	chr6,145600430,145600656	7.62
chr6,122707354,122707701	chr6,149537487,149538348	11.59
chr6,122707354,122707701	chr8,56501480,56501809	38.71
chr8,72317488,72319340	chr10,18575802,18576223	38.71
chr8,72317488,72319340	chr11,29222669,29222999	24.35
chr8,72317488,72319340	chr11,85506556,85506666	6.76
chr8,72317488,72319340	chr11,120889389,120889839	10.95
chr8,72317488,72319340	chr12,83558739,83559832	53.8
chr8,72317488,72319340	chr12,119274378,119278365	10.95
chr8,72317488,72319340	chr13,99020282,99022690	6.76
chr8,72317488,72319340	chr14,21659155,21659702	6.76
chr8,72317488,72319340	chr16,18008002,18009480	10.95
chr8,72317488,72319340	chr16,95437725,95438272	10.95
chr8,72317488,72319340	chr17,28531033,28531363	6.76
chr8,72317488,72319340	chr17,74714743,74714910	58.96
chr8,72317488,72319340	chr19,20717640,20719207	19.76
chr8,72317488,72319340	chr19,41754407,41754671	15.29
chr8,72317488,72319340	chr2,10297165,10297495	113.47
chr8,72317488,72319340	chr2,136508962,136509526	10.95
chr8,72317488,72319340	chr2,156778668,156778922	6.76
chr8,72317488,72319340	chr2,167930154,167930281	10.95
chr8,72317488,72319340	chr3,41737092,41737318	29.04
chr8,72317488,72319340	chr4,8800005,8800113	29.04
chr8,72317488,72319340	chr4,82372159,82372482	6.76
chr8,72317488,72319340	chr4,95701888,95702149	10.95
chr8,72317488,72319340	chr4,108413889,108414623	10.95
chr8,72317488,72319340	chr5,116795813,116796018	15.29
chr8,72317488,72319340	chr5,135867977,135868338	6.76
chr8,72317488,72319340	chr6,33240396,33240726	10.95
chr8,72317488,72319340	chr6,51334952,51335075	6.76
chr8,72317488,72319340	chr6,115876474,115877275	19.76
chr8,72317488,72319340	chr6,129093262,129093498	33.83
chr8,72317488,72319340	chr6,145185397,145185588	19.76
chr8,72317488,72319340	chr7,23892272,23894394	6.76
chr8,72317488,72319340	chr8,8047040,8047285	19.85
chr8,72317488,72319340	chr8,11318514,11318841	11.05
chr8,72317488,72319340	chr8,11655174,11655807	24.39
chr8,72317488,72319340	chr8,22464011,22465261	34
chr8,72317488,72319340	chr8,34807995,34808956	7.09
chr8,72317488,72319340	chr8,35105897,35106489	20.08
chr8,72317488,72319340	chr8,40937375,40937787	15.76
chr8,72317488,72319340	chr8,60723814,60723960	8.81
chr8,72317488,72319340	chr8,60752769,60752979	8.82
chr8,72317488,72319340	chr8,61417370,61418065	5.03
chr8,72317488,72319340	chr8,66500754,66500857	22.53
chr8,72317488,72319340	chr8,67273309,67273488	15.28
chr8,72317488,72319340	chr8,67966048,67966732	13.93
chr8,72317488,72319340	chr8,68793603,68794105	9.47
chr8,72317488,72319340	chr8,69240187,69240737	22.32
chr8,72317488,72319340	chr8,70138146,70138517	11.97
chr8,72317488,72319340	chr8,70434200,70435124	6.57
chr8,72317488,72319340	chr8,71633041,71633183	5.74
chr8,72317488,72319340	chr8,71754157,71754699	5.44
chr8,72317488,72319340	chr8,71955179,71955503	5.55
chr8,72317488,72319340	chr8,72092141,72092952	6.31
chr8,72317488,72319340	chr8,72164039,72164240	5.05
chr8,72317488,72319340	chr8,72360896,72362103	5.58
chr8,72317488,72319340	chr8,72577462,72578791	5.09
chr8,72317488,72319340	chr8,74291387,74291734	13.18
chr8,72317488,72319340	chr8,79050536,79050697	26.71
chr8,72317488,72319340	chr8,83671842,83671985	60.61
chr8,72317488,72319340	chr8,84757932,84758910	16.69
chr8,72317488,72319340	chr8,84810371,84811013	26.93
chr8,72317488,72319340	chr8,85110045,85110255	16.72
chr8,72317488,72319340	chr8,85442718,85442972	16.74
chr8,72317488,72319340	chr8,87955558,87956709	86.8
chr8,72317488,72319340	chr8,90110732,90111449	25.21
chr8,72317488,72319340	chr8,95927947,95928588	59.72
chr8,72317488,72319340	chr8,104392274,104392697	34.28
chr8,72317488,72319340	chr8,107451917,107452040	11.32
chr8,72317488,72319340	chr8,109717998,109718404	29.36
chr8,72317488,72319340	chr8,110662029,110662688	34.13
chr8,72317488,72319340	chr8,110700620,110701643	11.26
chr8,72317488,72319340	chr8,111753308,111753715	69.74
chr8,72317488,72319340	chr8,113555847,113556225	43.92
chr8,72317488,72319340	chr8,119531095,119531774	19.95
chr8,72317488,72319340	chr8,119576672,119577268	34.02
chr8,72317488,72319340	chr8,120494940,120496299	6.95
chr8,72317488,72319340	chr8,123986367,123986644	125.01
chr8,72317488,72319340	chr8,125835364,125835625	6.91
chr8,72317488,72319340	chr9,64932810,64933607	19.76
chr8,72317488,72319340	chr9,109095580,109095725	53.8
chr8,72317488,72319340	chrX,84070249,84070539	24.35
chr8,72317488,72319340	chrX,113831838,113831974	58.96
chr8,72317488,72319340	chrX,154445953,154446064	80.19
chr9,78368132,78368522	chr10,125758822,125759216	10.95
chr9,78368132,78368522	chr10,127618388,127619793	10.95
chr9,78368132,78368522	chr11,95388545,95389236	6.76
chr9,78368132,78368522	chr12,33006592,33007406	6.76
chr9,78368132,78368522	chr13,25074032,25074430	10.95
chr9,78368132,78368522	chr13,78544451,78545396	38.71
chr9,78368132,78368522	chr14,47161900,47162085	6.76
chr9,78368132,78368522	chr15,98758123,98758849	29.04
chr9,78368132,78368522	chr16,18166026,18166774	15.29
chr9,78368132,78368522	chr16,43677643,43678492	6.76
chr9,78368132,78368522	chr19,49317944,49318662	6.76
chr9,78368132,78368522	chr3,89034982,89035852	6.76
chr9,78368132,78368522	chr3,146887655,146888731	6.76
chr9,78368132,78368522	chr4,105675083,105675798	15.29
chr9,78368132,78368522	chr5,121932864,121932986	53.8
chr9,78368132,78368522	chr6,53689440,53689983	24.35
chr9,78368132,78368522	chr7,81612679,81612842	10.95
chr9,78368132,78368522	chr7,101135564,101136247	38.71
chr9,78368132,78368522	chr9,21862296,21863526	19.88
chr9,78368132,78368522	chr9,23792415,23792698	24.51
chr9,78368132,78368522	chr9,40328461,40329188	29.36
chr9,78368132,78368522	chr9,47819416,47819738	7.27
chr9,78368132,78368522	chr9,57097222,57098068	7.74
chr9,78368132,78368522	chr9,57562864,57563823	11.96
chr9,78368132,78368522	chr9,64982086,64982470	21.39
chr9,78368132,78368522	chr9,67693399,67693683	21.14
chr9,78368132,78368522	chr9,71735572,71735909	9.61
chr9,78368132,78368522	chr9,73461467,73461995	11.36
chr9,78368132,78368522	chr9,74963827,74964589	6.06
chr9,78368132,78368522	chr9,75348046,75348241	13.2
chr9,78368132,78368522	chr9,75581678,75582517	5.72
chr9,78368132,78368522	chr9,77371114,77372571	8.42
chr9,78368132,78368522	chr9,77875868,77876650	7.11
chr9,78368132,78368522	chr9,77898776,77899360	5.15
chr9,78368132,78368522	chr9,78037119,78037328	5.11
chr9,78368132,78368522	chr9,78094717,78095192	7.11
chr9,78368132,78368522	chr9,78225933,78226191	5.05
chr9,78368132,78368522	chr9,78245117,78245513	5.33
chr9,78368132,78368522	chr9,78491308,78491743	5.17
chr9,78368132,78368522	chr9,78514750,78515314	5.76
chr9,78368132,78368522	chr9,78575296,78576664	5.21
chr9,78368132,78368522	chr9,93762099,93762393	8.33
chr9,78368132,78368522	chr9,99111972,99112129	7.78
chr9,78368132,78368522	chr9,101976920,101977973	39.51
chr9,78368132,78368522	chr9,106029800,106030159	29.65
chr9,78368132,78368522	chr9,111863002,111863987	7.18
chr9,78368132,78368522	chr9,117473466,117473974	7.06
chr9,78368132,78368522	chr9,118420650,118421213	15.57
chr9,78368132,78368522	chr9,119759797,119760178	11.21
